validate_full.py  prefix=v20b_curve  out_dir=results\v20b_curve_2026-06-09
  long=results/training/v2.0b_oof_val_long.csv
  lasso=None
  lasso_bundle=None
  model_b=None
  db=prospects_snapshot.db
  date=2026-06-09

scored val (joint XGBoost): 33,850 rows, 3,514 players
  xgb events: ['TOP_100_PROSPECT', 'MLB_DEBUT', 'ESTABLISHED_MLB', 'STAR_PLUS_ELITE']

==============================================================================
EVENT: MLB_DEBUT
==============================================================================
  ranking by lasso_score_MLB_DEBUT (range [+0.00, +0.99])
saved results\v20b_curve_2026-06-09\MLB_DEBUT_pct_slabs.csv

--- realized MLB_DEBUT rate (%) by yip × slab ---
yip            0      1      2      3      4      5      6      7      8      9      10
slab                                                                                   
0.0-0.5%     94.4  100.0  100.0  100.0  100.0   87.5   81.2   53.3   42.9   38.5    0.0
0.5-1.0%     94.1  100.0  100.0  100.0   87.5   50.0   26.7   28.6    0.0    0.0    0.0
1.0-1.5%     72.2   82.4  100.0  100.0   88.2   37.5   25.0   20.0    7.1    8.3    0.0
1.5-2.0%     76.5   76.5   94.1   81.2   81.2   13.3   12.5   26.7    7.1    0.0    0.0
2-3%         68.6   68.6   80.0   79.4   34.4   28.1   19.4    0.0    0.0    0.0    4.2
3-4%         66.7   68.6   52.9   51.5   30.3   18.8    9.7    3.4    3.7    0.0    0.0
4-5%         57.1   61.8   58.8   33.3   37.5    9.7    6.2    3.4    0.0    0.0    0.0
5-10%        44.0   42.0   45.0   28.3   11.7    8.8    4.5    2.0    1.5    0.0    0.0
10-20%       25.9   25.4   18.7   12.6    7.4    2.8    0.6    0.3    0.4    0.4    0.4
20-50%        9.6    6.6    4.4    2.2    1.4    0.7    0.5    0.1    0.1    0.0    0.0
bottom 50%    1.3    0.7    0.5    0.2    0.2    0.1    0.0    0.0    0.0    0.0    0.0

--- n per cell ---
yip            0      1      2      3      4      5      6      7      8      9      10
slab                                                                                   
0.0-0.5%       18     17     17     17     16     16     16     15     14     13     12
0.5-1.0%       17     18     17     16     16     16     15     14     13     13     12
1.0-1.5%       18     17     17     17     17     16     16     15     14     12     12
1.5-2.0%       17     17     17     16     16     15     16     15     14     13     11
2-3%           35     35     35     34     32     32     31     29     27     26     24
3-4%           36     35     34     33     33     32     31     29     27     25     24
4-5%           35     34     34     33     32     31     32     29     27     26     24
5-10%         175    174    171    166    162    159    156    147    137    128    118
10-20%        352    347    342    333    324    317    314    292    273    255    237
20-50%       1054   1040   1026    997    972    951    939    878    818    767    712
bottom 50%   1757   1734   1709   1662   1621   1585   1567   1463   1364   1277   1186

--- score floor per cell ---
yip             0       1       2       3       4       5       6       7       8       9       10
slab                                                                                              
0.0-0.5%    +0.826  +0.966  +0.983  +0.976  +0.963  +0.708  +0.407  +0.264  +0.108  +0.061  +0.024
0.5-1.0%    +0.775  +0.926  +0.950  +0.948  +0.871  +0.481  +0.282  +0.135  +0.058  +0.030  +0.013
1.0-1.5%    +0.743  +0.852  +0.913  +0.873  +0.746  +0.385  +0.228  +0.083  +0.039  +0.021  +0.010
1.5-2.0%    +0.702  +0.792  +0.848  +0.800  +0.669  +0.343  +0.181  +0.072  +0.028  +0.014  +0.009
2-3%        +0.629  +0.690  +0.748  +0.669  +0.481  +0.250  +0.114  +0.044  +0.020  +0.008  +0.006
3-4%        +0.578  +0.650  +0.674  +0.581  +0.374  +0.200  +0.071  +0.030  +0.014  +0.007  +0.005
4-5%        +0.525  +0.592  +0.614  +0.494  +0.302  +0.140  +0.045  +0.021  +0.010  +0.005  +0.004
5-10%       +0.363  +0.356  +0.354  +0.247  +0.100  +0.045  +0.014  +0.006  +0.003  +0.002  +0.002
10-20%      +0.197  +0.168  +0.109  +0.051  +0.022  +0.009  +0.004  +0.002  +0.001  +0.001  +0.001
20-50%      +0.039  +0.023  +0.012  +0.007  +0.004  +0.001  +0.001  +0.001  +0.001  +0.000  +0.000
bottom 50%  +0.001  +0.001  +0.001  +0.000  +0.000  +0.000  +0.000  +0.000  +0.000  +0.000  +0.000

--- base rate by yip ---
  yip=0: 11.92%
  yip=1: 10.78%
  yip=2: 9.59%
  yip=3: 7.01%
  yip=4: 4.66%
  yip=5: 2.52%
  yip=6: 1.53%
  yip=7: 0.89%
  yip=8: 0.48%
  yip=9: 0.27%
  yip=10: 0.08%

saved results\v20b_curve_2026-06-09\MLB_DEBUT_cum_above_threshold.csv

--- MLB_DEBUT: rate above score floor (%) by yip × pctile cut [cut p = top (100-p)%] ---
yip            0      1      2      3      4      5      6      7      8      9      10
pctile_cut                                                                             
5            12.5   11.4   10.1    7.4    4.9    2.7    1.6    0.9    0.5    0.3    0.1
10           13.2   12.0   10.7    7.8    5.2    2.8    1.7    1.0    0.5    0.3    0.1
15           13.9   12.6   11.3    8.2    5.4    3.0    1.8    1.0    0.6    0.3    0.1
20           14.7   13.4   12.0    8.7    5.8    3.2    1.9    1.1    0.6    0.3    0.1
25           15.6   14.3   12.8    9.3    6.2    3.4    2.0    1.2    0.6    0.4    0.1
30           16.7   15.2   13.6    9.9    6.6    3.6    2.2    1.3    0.7    0.4    0.1
35           17.9   16.3   14.6   10.6    7.0    3.8    2.4    1.4    0.7    0.4    0.1
40           19.2   17.6   15.7   11.5    7.6    4.2    2.6    1.5    0.8    0.5    0.1
45           20.7   19.0   17.0   12.6    8.3    4.5    2.8    1.6    0.9    0.5    0.2
50           22.5   20.8   18.7   13.8    9.1    4.9    3.1    1.8    1.0    0.5    0.2
55           24.8   22.7   20.7   15.3   10.1    5.5    3.4    2.0    1.1    0.6    0.2
60           27.5   25.2   23.2   17.1   11.2    6.2    3.8    2.2    1.2    0.7    0.2
65           30.2   28.3   25.6   19.3   12.7    6.9    4.4    2.5    1.4    0.8    0.2
70           33.2   32.2   29.5   22.3   14.7    8.0    5.1    2.8    1.6    0.9    0.3
75           37.0   36.9   33.7   25.9   16.9    9.5    5.9    3.4    1.8    1.1    0.3
80           42.0   42.1   40.1   31.1   20.6   11.2    6.9    4.3    2.2    1.4    0.4
85           48.8   49.3   49.5   37.9   25.5   14.1    8.9    5.5    2.7    1.6    0.3
90           58.0   58.8   61.4   49.5   33.8   19.6   13.1    8.2    4.0    2.3    0.4
95           72.2   75.9   77.8   70.7   55.8   30.2   21.7   14.3    6.6    4.7    0.8
96           75.9   79.1   82.5   80.5   60.8   35.4   25.4   16.9    8.2    5.8    1.1
97           79.2   82.9   92.2   90.0   70.4   40.6   30.9   21.6    9.8    7.8    1.4
98           84.5   88.6   98.6   95.5   89.2   46.9   36.5   32.2   14.5   11.5    0.0
99           94.4  100.0  100.0  100.0   93.9   68.8   56.2   40.0   21.4   19.2    0.0

--- MLB_DEBUT: n above score floor by yip × pctile cut ---
yip            0      1      2      3      4      5      6      7      8      9      10
pctile_cut                                                                             
5            3338   3294   3248   3157   3082   3011   2976   2779   2591   2427   2254
10           3164   3121   3077   2991   2917   2853   2819   2633   2455   2299   2134
15           2987   2947   2906   2825   2754   2694   2663   2487   2318   2171   2016
20           2811   2774   2735   2659   2593   2536   2506   2341   2182   2044   1897
25           2635   2601   2564   2493   2431   2377   2350   2194   2046   1916   1779
30           2460   2427   2393   2327   2269   2219   2193   2048   1909   1788   1660
35           2284   2254   2222   2160   2107   2060   2036   1902   1773   1661   1542
40           2108   2081   2051   1994   1945   1902   1880   1756   1637   1533   1423
45           1933   1907   1880   1828   1783   1743   1724   1609   1500   1405   1305
50           1757   1734   1710   1662   1621   1585   1567   1463   1364   1278   1186
55           1581   1561   1539   1496   1459   1427   1410   1317   1228   1150   1067
60           1406   1387   1368   1330   1296   1268   1253   1175   1091   1022    949
65           1230   1214   1197   1164   1135   1110   1097   1024    955    894    830
70           1054   1041   1026    997    973    951    940    878    819    767    712
75            879    867    855    831    811    793    784    732    682    639    593
80            703    694    684    665    649    634    627    586    546    511    475
85            527    521    513    499    487    476    470    439    410    384    356
90            352    347    342    333    325    317    314    293    273    256    238
95            176    174    171    167    163    159    157    147    137    128    119
96            141    139    137    133    130    127    126    118    110    103     95
97            106    105    103    100     98     96     94     88     82     77     72
98             71     70     69     67     65     64     63     59     55     52     48
99             36     35     35     34     33     32     32     30     28     26     24

--- MLB_DEBUT: score floor by yip × pctile cut ---
yip             0       1       2       3       4       5       6       7       8       9       10
pctile_cut                                                                                        
5           +0.003  +0.002  +0.001  +0.001  +0.001  +0.000  +0.000  +0.000  +0.000  +0.000  +0.000
10          +0.004  +0.002  +0.001  +0.001  +0.001  +0.000  +0.000  +0.000  +0.000  +0.000  +0.000
15          +0.006  +0.003  +0.002  +0.002  +0.001  +0.001  +0.000  +0.000  +0.000  +0.000  +0.000
20          +0.008  +0.004  +0.003  +0.002  +0.001  +0.001  +0.000  +0.000  +0.000  +0.000  +0.000
25          +0.010  +0.005  +0.003  +0.002  +0.002  +0.001  +0.000  +0.000  +0.000  +0.000  +0.000
30          +0.013  +0.007  +0.004  +0.003  +0.002  +0.001  +0.001  +0.000  +0.000  +0.000  +0.000
35          +0.017  +0.009  +0.006  +0.004  +0.002  +0.001  +0.001  +0.000  +0.000  +0.000  +0.000
40          +0.023  +0.012  +0.007  +0.004  +0.002  +0.001  +0.001  +0.000  +0.000  +0.000  +0.000
45          +0.030  +0.017  +0.010  +0.005  +0.003  +0.001  +0.001  +0.001  +0.000  +0.000  +0.000
50          +0.039  +0.023  +0.012  +0.007  +0.004  +0.001  +0.001  +0.001  +0.001  +0.000  +0.000
55          +0.051  +0.031  +0.016  +0.009  +0.004  +0.002  +0.001  +0.001  +0.001  +0.001  +0.000
60          +0.065  +0.041  +0.023  +0.011  +0.006  +0.002  +0.001  +0.001  +0.001  +0.001  +0.001
65          +0.085  +0.054  +0.030  +0.015  +0.008  +0.003  +0.001  +0.001  +0.001  +0.001  +0.001
70          +0.110  +0.073  +0.042  +0.020  +0.010  +0.004  +0.002  +0.001  +0.001  +0.001  +0.001
75          +0.147  +0.112  +0.062  +0.030  +0.015  +0.006  +0.002  +0.001  +0.001  +0.001  +0.001
80          +0.197  +0.168  +0.109  +0.051  +0.022  +0.009  +0.004  +0.002  +0.001  +0.001  +0.001
85          +0.254  +0.241  +0.199  +0.106  +0.041  +0.019  +0.007  +0.003  +0.002  +0.001  +0.001
90          +0.362  +0.355  +0.352  +0.244  +0.098  +0.045  +0.014  +0.006  +0.003  +0.002  +0.002
95          +0.524  +0.591  +0.613  +0.491  +0.301  +0.140  +0.045  +0.021  +0.010  +0.005  +0.004
96          +0.578  +0.647  +0.673  +0.581  +0.371  +0.199  +0.070  +0.029  +0.014  +0.007  +0.005
97          +0.627  +0.689  +0.747  +0.667  +0.476  +0.246  +0.113  +0.043  +0.020  +0.008  +0.006
98          +0.702  +0.788  +0.839  +0.799  +0.664  +0.329  +0.179  +0.071  +0.028  +0.013  +0.009
99          +0.774  +0.919  +0.946  +0.937  +0.867  +0.463  +0.270  +0.132  +0.051  +0.029  +0.013

saved results\v20b_curve_2026-06-09\MLB_DEBUT_thresholds_at_p60.csv

--- MLB_DEBUT: per-yip threshold for >=60% precision ---
 yip  threshold  n_above  tp_above  precision   recall  n_total
   0      0.387      326       196      0.601    0.468     3514
   1      0.376      330       198      0.600    0.529     3468
   2      0.330      361       217      0.601    0.662     3419
   3      0.341      245       147      0.600    0.631     3324
   4      0.365      135        81      0.600    0.536     3241
   5      0.398       45        27      0.600    0.338     3170
   6      0.296       28        17      0.607    0.354     3133
   7      0.271       13         8      0.615    0.308     2926
   8        nan        0         0        nan      nan     2728
   9        nan        0         0        nan      nan     2555
  10        nan        0         0        nan      nan     2372

scoring time-to-debut with models/time_to_debut_v1.18_prod.pkl
saved results\v20b_curve_2026-06-09\MLB_DEBUT_time_to_debut.csv

--- MLB_DEBUT: time-to-debut (n=1689 debutee-snaps, 420 players) ---
  overall: MAE=1.26  Spearman=+0.519

  snap_off     n   spearman   MAE  mean_act  mean_pred
         0   420    +0.198  1.55     4.35      3.58
         1   375    +0.385  1.30     3.56      3.02
         2   329    +0.472  1.16     2.83      2.68
         3   234    +0.443  1.11     2.47      2.52
         4   152    +0.469  1.10     2.21      2.46
         5    81    +0.441  1.11     2.25      2.50
         6    49    +0.345  1.01     2.06      2.35
         7    27    +0.373  1.01     1.93      2.20

saved results\v20b_curve_2026-06-09\MLB_DEBUT_per_current_level.csv

--- MLB_DEBUT: performance conditional on current MiLB level ---
 cur_level      n   pos  base%  AU-PR  lift@5  rate@5%  lift@10  rate@10%
      NONE  22898   169   0.74  0.430   13.96    10.31     8.05      5.94
        RK   3927   256   6.52  0.554    9.00    58.67     6.60     43.00
        A-    987   138  13.98  0.553    5.40    75.51     4.26     59.60
         A   1503   251  16.70  0.639    5.27    88.00     4.11     68.67
        A+   1508   261  17.31  0.651    5.16    89.33     4.29     74.17
        AA   1383   330  23.86  0.713    4.13    98.55     3.49     83.33
       AAA   1644   276  16.79  0.681    5.30    89.02     4.36     73.17

saved results\v20b_curve_2026-06-09\MLB_DEBUT_walkforward.csv

--- MLB_DEBUT: walk-forward by snap_offset ---
offset     n  pos  base%  pred%  AU-PR AU-PR_lift  lift@2    ECE
     0  3514  419  11.92  11.74  0.577       4.84    7.07  0.007
     1  3468  374  10.78  10.92  0.635       5.89    8.33  0.007
     2  3419  328   9.59   9.77  0.689       7.18   10.27  0.011
     3  3324  233   7.01   7.36  0.697       9.94   13.62  0.012
     4  3241  151   4.66   4.76  0.624      13.40   19.15  0.012
     5  3170   80   2.52   2.60  0.471      18.67   18.87  0.006
     6  3133   48   1.53   1.32  0.491      32.04   23.83  0.003
     7  2926   26   0.89   0.65  0.486      54.71   36.24  0.004
     8  2728   13   0.48   0.37  0.380      79.84   30.52  0.002
     9  2555    7   0.27   0.21  0.430     156.90   42.94  0.001
    10  2372    2   0.08   0.14  0.013      15.23    0.00  0.001

saved results\v20b_curve_2026-06-09\MLB_DEBUT_top_lookback.csv  (676 top-2% rows)

look-back per yip × slab (top 0-2%):
 snap_offset     slab  n  realized     rate
           0 0.0-0.5% 17        16 0.941176
           0 0.5-1.0% 18        17 0.944444
           0 1.0-1.5% 17        12 0.705882
           0 1.5-2.0% 18        14 0.777778
           1 0.0-0.5% 17        17 1.000000
           1 0.5-1.0% 17        17 1.000000
           1 1.0-1.5% 18        15 0.833333
           1 1.5-2.0% 17        13 0.764706
           2 0.0-0.5% 17        17 1.000000
           2 0.5-1.0% 17        17 1.000000
           2 1.0-1.5% 17        17 1.000000
           2 1.5-2.0% 17        16 0.941176
           3 0.0-0.5% 16        16 1.000000
           3 0.5-1.0% 17        17 1.000000
           3 1.0-1.5% 16        16 1.000000
           3 1.5-2.0% 17        14 0.823529
           4           1         0 0.000000
           4 0.0-0.5% 16        16 1.000000
           4 0.5-1.0% 16        14 0.875000
           4 1.0-1.5% 16        14 0.875000
           4 1.5-2.0% 16        14 0.875000
           5 0.0-0.5% 15        13 0.866667
           5 0.5-1.0% 16         8 0.500000
           5 1.0-1.5% 16         7 0.437500
           5 1.5-2.0% 16         2 0.125000
           6           1         0 0.000000
           6 0.0-0.5% 15        13 0.866667
           6 0.5-1.0% 16         4 0.250000
           6 1.0-1.5% 15         4 0.266667
           6 1.5-2.0% 16         2 0.125000
           7           1         0 0.000000
           7 0.0-0.5% 14         8 0.571429
           7 0.5-1.0% 15         4 0.266667
           7 1.0-1.5% 14         3 0.214286
           7 1.5-2.0% 15         4 0.266667
           8           1         0 0.000000
           8 0.0-0.5% 13         6 0.461538
           8 0.5-1.0% 14         0 0.000000
           8 1.0-1.5% 13         1 0.076923
           8 1.5-2.0% 14         1 0.071429
           9 0.0-0.5% 12         4 0.333333
           9 0.5-1.0% 13         1 0.076923
           9 1.0-1.5% 13         1 0.076923
           9 1.5-2.0% 13         0 0.000000
          10 0.0-0.5% 11         0 0.000000
          10 0.5-1.0% 12         0 0.000000
          10 1.0-1.5% 12         0 0.000000
          10 1.5-2.0% 12         0 0.000000

==============================================================================
EVENT: TOP_100_PROSPECT
==============================================================================
  ranking by lasso_score_TOP_100_PROSPECT (range [+0.00, +0.84])
saved results\v20b_curve_2026-06-09\TOP_100_PROSPECT_pct_slabs.csv

--- realized TOP_100_PROSPECT rate (%) by yip × slab ---
yip             0      1      2      3      4      5
slab                                                
0.0-0.5%     83.3   82.4   88.2   41.2   31.2    6.2
0.5-1.0%     47.1   50.0   29.4   25.0    0.0    0.0
1.0-1.5%     44.4   29.4   29.4   11.8    0.0    0.0
1.5-2.0%     35.3   47.1   17.6    0.0    6.2    0.0
2-3%         28.6   28.6    5.7    5.9    0.0    0.0
3-4%         36.1    5.7    5.9    0.0    0.0    0.0
4-5%         31.4    5.9    5.9    3.0    0.0    0.0
5-10%         6.9    6.3    2.3    0.0    0.6    0.0
10-20%        2.8    0.6    0.6    0.0    0.0    0.0
20-50%        0.4    0.2    0.1    0.1    0.0    0.0
bottom 50%    0.0    0.1    0.0    0.0    0.0    0.0

--- n per cell ---
yip             0      1      2      3      4      5
slab                                                
0.0-0.5%       18     17     17     17     16     16
0.5-1.0%       17     18     17     16     16     16
1.0-1.5%       18     17     17     17     17     16
1.5-2.0%       17     17     17     16     16     15
2-3%           35     35     35     34     32     32
3-4%           36     35     34     33     33     32
4-5%           35     34     34     33     32     31
5-10%         175    174    171    166    162    159
10-20%        352    347    342    333    324    317
20-50%       1054   1040   1026    997    972    951
bottom 50%   1757   1734   1709   1662   1621   1585

--- score floor per cell ---
yip              0       1       2       3       4       5
slab                                                      
0.0-0.5%    +0.570  +0.573  +0.442  +0.193  +0.086  +0.004
0.5-1.0%    +0.472  +0.387  +0.237  +0.122  +0.029  +0.002
1.0-1.5%    +0.379  +0.258  +0.138  +0.060  +0.014  +0.001
1.5-2.0%    +0.301  +0.208  +0.108  +0.044  +0.008  +0.001
2-3%        +0.203  +0.120  +0.065  +0.015  +0.004  +0.001
3-4%        +0.147  +0.081  +0.043  +0.009  +0.002  +0.001
4-5%        +0.114  +0.062  +0.029  +0.006  +0.001  +0.001
5-10%       +0.043  +0.017  +0.005  +0.001  +0.001  +0.000
10-20%      +0.012  +0.003  +0.001  +0.000  +0.000  +0.000
20-50%      +0.002  +0.000  +0.000  +0.000  +0.000  +0.000
bottom 50%  +0.000  +0.000  +0.000  +0.000  +0.000  +0.000

--- base rate by yip ---
  yip=0: 2.76%
  yip=1: 1.90%
  yip=2: 1.20%
  yip=3: 0.51%
  yip=4: 0.22%
  yip=5: 0.03%

saved results\v20b_curve_2026-06-09\TOP_100_PROSPECT_cum_above_threshold.csv

--- TOP_100_PROSPECT: rate above score floor (%) by yip × pctile cut [cut p = top (100-p)%] ---
yip             0      1      2      3      4      5
pctile_cut                                          
5             2.9    2.0    1.3    0.5    0.2    0.0
10            3.1    2.1    1.3    0.6    0.2    0.0
15            3.2    2.2    1.4    0.6    0.3    0.0
20            3.5    2.4    1.5    0.6    0.3    0.0
25            3.7    2.5    1.6    0.7    0.3    0.0
30            3.9    2.7    1.7    0.7    0.3    0.0
35            4.2    2.9    1.8    0.8    0.3    0.0
40            4.6    3.2    2.0    0.9    0.4    0.1
45            5.0    3.5    2.2    0.9    0.4    0.1
50            5.5    3.7    2.4    1.0    0.4    0.1
55            6.1    4.2    2.7    1.1    0.5    0.1
60            6.8    4.7    3.0    1.3    0.5    0.1
65            7.8    5.4    3.4    1.5    0.6    0.1
70            9.0    6.2    4.0    1.7    0.7    0.1
75           10.7    7.5    4.8    2.0    0.9    0.1
80           13.2    9.1    5.8    2.4    1.1    0.2
85           16.9   11.7    7.8    3.2    1.4    0.2
90           23.6   17.6   11.1    4.8    2.2    0.3
95           40.3   28.7   19.9    9.6    3.7    0.6
96           42.6   34.5   23.4   11.3    4.6    0.8
97           44.3   43.8   29.1   15.0    6.1    1.0
98           53.5   52.9   40.6   19.4    9.2    1.6
99           63.9   65.7   60.0   32.4   15.2    3.1

--- TOP_100_PROSPECT: n above score floor by yip × pctile cut ---
yip             0      1      2      3      4      5
pctile_cut                                          
5            3338   3294   3248   3157   3079   3011
10           3162   3121   3077   2991   2917   2853
15           2987   2947   2906   2825   2755   2694
20           2811   2774   2735   2659   2593   2536
25           2635   2601   2564   2493   2431   2377
30           2460   2427   2393   2327   2269   2219
35           2284   2254   2222   2160   2107   2060
40           2109   2081   2051   1994   1945   1902
45           1933   1907   1880   1828   1783   1743
50           1757   1734   1717   1662   1621   1585
55           1581   1561   1539   1496   1459   1427
60           1406   1387   1368   1330   1297   1268
65           1230   1214   1197   1164   1142   1110
70           1054   1041   1026    997    973    951
75            879    867    855    831    811    793
80            703    694    684    665    649    634
85            527    521    513    499    487    476
90            352    347    342    333    325    317
95            176    174    171    167    163    159
96            141    139    137    133    130    127
97            106    105    103    100     98     96
98             71     70     69     67     65     64
99             36     35     35     34     33     32

--- TOP_100_PROSPECT: score floor by yip × pctile cut ---
yip              0       1       2       3       4       5
pctile_cut                                                
5           +0.000  +0.000  +0.000  +0.000  +0.000  +0.000
10          +0.000  +0.000  +0.000  +0.000  +0.000  +0.000
15          +0.000  +0.000  +0.000  +0.000  +0.000  +0.000
20          +0.000  +0.000  +0.000  +0.000  +0.000  +0.000
25          +0.000  +0.000  +0.000  +0.000  +0.000  +0.000
30          +0.001  +0.000  +0.000  +0.000  +0.000  +0.000
35          +0.001  +0.000  +0.000  +0.000  +0.000  +0.000
40          +0.001  +0.000  +0.000  +0.000  +0.000  +0.000
45          +0.001  +0.000  +0.000  +0.000  +0.000  +0.000
50          +0.002  +0.000  +0.000  +0.000  +0.000  +0.000
55          +0.002  +0.001  +0.000  +0.000  +0.000  +0.000
60          +0.003  +0.001  +0.000  +0.000  +0.000  +0.000
65          +0.004  +0.001  +0.000  +0.000  +0.000  +0.000
70          +0.006  +0.001  +0.000  +0.000  +0.000  +0.000
75          +0.008  +0.002  +0.001  +0.000  +0.000  +0.000
80          +0.012  +0.003  +0.001  +0.000  +0.000  +0.000
85          +0.020  +0.007  +0.002  +0.001  +0.000  +0.000
90          +0.043  +0.017  +0.005  +0.001  +0.001  +0.000
95          +0.114  +0.061  +0.029  +0.006  +0.001  +0.001
96          +0.147  +0.081  +0.043  +0.009  +0.002  +0.001
97          +0.196  +0.118  +0.064  +0.015  +0.004  +0.001
98          +0.296  +0.203  +0.105  +0.040  +0.008  +0.001
99          +0.461  +0.378  +0.218  +0.119  +0.027  +0.002

saved results\v20b_curve_2026-06-09\TOP_100_PROSPECT_walkforward.csv

--- TOP_100_PROSPECT: walk-forward by snap_offset ---
offset     n  pos  base%  pred%  AU-PR AU-PR_lift  lift@2    ECE
     0  3514   97   2.76   2.24  0.480      17.39   19.15  0.007
     1  3468   66   1.90   1.46  0.540      28.39   27.42  0.005
     2  3419   41   1.20   0.89  0.590      49.24   34.34  0.003
     3  3324   17   0.51   0.39  0.375      73.42   38.51  0.002
     4  3241    7   0.22   0.19  0.400     185.08   42.74  0.001
     5  3170    1   0.03   0.03  1.000    3170.00   50.32  0.001
     6  3133    0   0.00    nan    nan        nan     nan    nan
     7  2926    0   0.00    nan    nan        nan     nan    nan
     8  2728    0   0.00    nan    nan        nan     nan    nan
     9  2555    0   0.00    nan    nan        nan     nan    nan
    10  2372    0   0.00    nan    nan        nan     nan    nan

saved results\v20b_curve_2026-06-09\TOP_100_PROSPECT_top_lookback.csv  (401 top-2% rows)

look-back per yip × slab (top 0-2%):
 snap_offset     slab  n  realized     rate
           0 0.0-0.5% 17        14 0.823529
           0 0.5-1.0% 18         9 0.500000
           0 1.0-1.5% 17         8 0.470588
           0 1.5-2.0% 18         6 0.333333
           1 0.0-0.5% 17        14 0.823529
           1 0.5-1.0% 17         9 0.529412
           1 1.0-1.5% 18         5 0.277778
           1 1.5-2.0% 17         8 0.470588
           2 0.0-0.5% 17        15 0.882353
           2 0.5-1.0% 17         5 0.294118
           2 1.0-1.5% 17         5 0.294118
           2 1.5-2.0% 17         3 0.176471
           3 0.0-0.5% 16         6 0.375000
           3 0.5-1.0% 17         5 0.294118
           3 1.0-1.5% 16         2 0.125000
           3 1.5-2.0% 17         0 0.000000
           4           1         0 0.000000
           4 0.0-0.5% 16         5 0.312500
           4 0.5-1.0% 16         0 0.000000
           4 1.0-1.5% 16         0 0.000000
           4 1.5-2.0% 16         1 0.062500
           5 0.0-0.5% 15         1 0.066667
           5 0.5-1.0% 16         0 0.000000
           5 1.0-1.5% 16         0 0.000000
           5 1.5-2.0% 16         0 0.000000

==============================================================================
EVENT: ESTABLISHED_MLB
==============================================================================
  ranking by lasso_score_ESTABLISHED_MLB (range [+0.00, +0.79])
saved results\v20b_curve_2026-06-09\ESTABLISHED_MLB_pct_slabs.csv

--- realized ESTABLISHED_MLB rate (%) by yip × slab ---
yip             0      1      2      3      4      5      6      7      8
slab                                                                     
0.0-0.5%     50.0   70.6   58.8   58.8   43.8   12.5   12.5    0.0    7.1
0.5-1.0%     47.1   44.4   58.8   43.8   31.2   12.5    6.7    7.1    0.0
1.0-1.5%     55.6   47.1   47.1   29.4    5.9    6.2    0.0    0.0    0.0
1.5-2.0%     23.5   29.4   29.4   31.2   12.5    6.7    0.0    0.0    0.0
2-3%         34.3   31.4   25.7   17.6   12.5    6.2    0.0    0.0    0.0
3-4%         22.2   25.7   23.5    9.1    3.0    0.0    0.0    0.0    0.0
4-5%         25.7   14.7   14.7    9.1    3.1    3.2    0.0    0.0    0.0
5-10%        13.7   12.1    8.8    4.2    1.2    0.0    0.6    0.0    0.0
10-20%        6.8    5.8    3.5    0.0    0.0    0.0    0.0    0.0    0.0
20-50%        1.8    0.7    0.1    0.1    0.0    0.0    0.0    0.0    0.0
bottom 50%    0.1    0.0    0.0    0.0    0.0    0.0    0.0    0.0    0.0

--- n per cell ---
yip             0      1      2      3      4      5      6      7      8
slab                                                                     
0.0-0.5%       18     17     17     17     16     16     16     15     14
0.5-1.0%       17     18     17     16     16     16     15     14     13
1.0-1.5%       18     17     17     17     17     16     16     15     14
1.5-2.0%       17     17     17     16     16     15     16     15     14
2-3%           35     35     35     34     32     32     31     29     27
3-4%           36     35     34     33     33     32     31     29     27
4-5%           35     34     34     33     32     31     32     29     27
5-10%         175    174    171    166    162    159    156    147    137
10-20%        352    347    342    333    324    317    314    292    273
20-50%       1054   1040   1026    997    972    951    939    878    818
bottom 50%   1757   1734   1709   1662   1621   1585   1567   1463   1364

--- score floor per cell ---
yip              0       1       2       3       4       5       6       7       8
slab                                                                              
0.0-0.5%    +0.521  +0.586  +0.538  +0.419  +0.331  +0.093  +0.021  +0.011  +0.007
0.5-1.0%    +0.408  +0.455  +0.431  +0.319  +0.221  +0.046  +0.013  +0.007  +0.004
1.0-1.5%    +0.352  +0.383  +0.340  +0.248  +0.114  +0.034  +0.009  +0.005  +0.003
1.5-2.0%    +0.321  +0.322  +0.291  +0.208  +0.089  +0.025  +0.007  +0.004  +0.002
2-3%        +0.250  +0.261  +0.223  +0.142  +0.056  +0.013  +0.004  +0.002  +0.001
3-4%        +0.207  +0.214  +0.178  +0.101  +0.034  +0.008  +0.003  +0.002  +0.001
4-5%        +0.174  +0.166  +0.143  +0.072  +0.021  +0.005  +0.002  +0.001  +0.001
5-10%       +0.090  +0.075  +0.049  +0.018  +0.005  +0.002  +0.001  +0.000  +0.000
10-20%      +0.033  +0.019  +0.008  +0.003  +0.001  +0.000  +0.000  +0.000  +0.000
20-50%      +0.004  +0.001  +0.001  +0.000  +0.000  +0.000  +0.000  +0.000  +0.000
bottom 50%  +0.000  +0.000  +0.000  +0.000  +0.000  +0.000  +0.000  +0.000  +0.000

--- base rate by yip ---
  yip=0: 3.64%
  yip=1: 3.06%
  yip=2: 2.43%
  yip=3: 1.41%
  yip=4: 0.71%
  yip=5: 0.28%
  yip=6: 0.13%
  yip=7: 0.03%
  yip=8: 0.04%

saved results\v20b_curve_2026-06-09\ESTABLISHED_MLB_cum_above_threshold.csv

--- ESTABLISHED_MLB: rate above score floor (%) by yip × pctile cut [cut p = top (100-p)%] ---
yip             0      1      2      3      4      5      6      7      8
pctile_cut                                                               
5             3.8    3.2    2.6    1.5    0.7    0.3    0.1    0.0    0.0
10            4.0    3.4    2.7    1.6    0.8    0.3    0.1    0.0    0.0
15            4.3    3.6    2.9    1.7    0.8    0.3    0.2    0.0    0.0
20            4.6    3.8    3.0    1.8    0.9    0.4    0.2    0.0    0.0
25            4.9    4.1    3.2    1.9    0.9    0.4    0.2    0.0    0.0
30            5.2    4.4    3.5    2.0    1.0    0.4    0.2    0.0    0.1
35            5.6    4.7    3.7    2.2    1.1    0.4    0.2    0.1    0.1
40            6.1    5.1    4.0    2.4    1.2    0.5    0.2    0.1    0.1
45            6.6    5.6    4.4    2.6    1.3    0.5    0.2    0.1    0.1
50            7.2    6.1    4.9    2.8    1.4    0.6    0.3    0.1    0.1
55            8.0    6.8    5.4    3.1    1.6    0.6    0.3    0.1    0.1
60            8.9    7.6    6.1    3.5    1.8    0.7    0.3    0.1    0.1
65           10.0    8.6    6.9    4.0    2.0    0.8    0.4    0.1    0.1
70           11.3    9.9    8.1    4.7    2.4    0.9    0.4    0.1    0.1
75           13.2   11.8    9.7    5.7    2.8    1.1    0.5    0.1    0.1
80           15.4   14.3   12.0    6.9    3.5    1.4    0.6    0.2    0.2
85           18.2   17.5   15.4    9.2    4.7    1.9    0.9    0.2    0.2
90           23.9   22.8   20.5   13.8    7.1    2.8    1.3    0.3    0.4
95           34.1   33.3   32.2   23.4   12.9    5.7    1.9    0.7    0.7
96           36.2   38.1   36.5   27.1   15.4    6.3    2.4    0.8    0.9
97           40.6   41.9   40.8   33.0   19.4    8.3    3.2    1.1    1.2
98           43.7   48.6   49.3   40.3   23.1   10.9    4.8    1.7    1.8
99           50.0   57.1   60.0   50.0   36.4   12.5    9.4    3.3    3.6

--- ESTABLISHED_MLB: n above score floor by yip × pctile cut ---
yip             0      1      2      3      4      5      6      7      8
pctile_cut                                                               
5            3338   3294   3248   3157   3079   3011   2976   2779   2591
10           3162   3121   3077   2991   2917   2853   2819   2633   2455
15           2987   2947   2906   2825   2755   2694   2663   2487   2318
20           2811   2774   2735   2659   2593   2536   2506   2341   2182
25           2635   2601   2564   2493   2431   2377   2350   2194   2046
30           2460   2427   2393   2333   2269   2219   2193   2048   1909
35           2284   2255   2222   2161   2107   2060   2036   1902   1773
40           2108   2081   2051   1996   1945   1902   1880   1756   1637
45           1933   1907   1880   1828   1783   1748   1724   1609   1500
50           1759   1734   1710   1662   1621   1585   1567   1463   1364
55           1581   1561   1539   1496   1459   1427   1412   1319   1228
60           1406   1387   1368   1330   1297   1268   1253   1170   1091
65           1230   1214   1197   1164   1135   1110   1097   1026    960
70           1054   1041   1026    997    973    951    940    878    819
75            879    867    855    831    811    793    784    732    682
80            703    694    684    665    649    634    627    586    546
85            527    521    513    499    487    476    470    439    410
90            352    347    342    333    325    317    314    293    273
95            176    174    171    167    163    159    157    147    137
96            141    139    137    133    130    127    126    118    110
97            106    105    103    100     98     96     94     88     82
98             71     70     69     67     65     64     63     59     55
99             36     35     35     34     33     32     32     30     28

--- ESTABLISHED_MLB: score floor by yip × pctile cut ---
yip              0       1       2       3       4       5       6       7       8
pctile_cut                                                                        
5           +0.000  +0.000  +0.000  +0.000  +0.000  +0.000  +0.000  +0.000  +0.000
10          +0.000  +0.000  +0.000  +0.000  +0.000  +0.000  +0.000  +0.000  +0.000
15          +0.000  +0.000  +0.000  +0.000  +0.000  +0.000  +0.000  +0.000  +0.000
20          +0.001  +0.000  +0.000  +0.000  +0.000  +0.000  +0.000  +0.000  +0.000
25          +0.001  +0.000  +0.000  +0.000  +0.000  +0.000  +0.000  +0.000  +0.000
30          +0.001  +0.000  +0.000  +0.000  +0.000  +0.000  +0.000  +0.000  +0.000
35          +0.002  +0.001  +0.000  +0.000  +0.000  +0.000  +0.000  +0.000  +0.000
40          +0.002  +0.001  +0.000  +0.000  +0.000  +0.000  +0.000  +0.000  +0.000
45          +0.003  +0.001  +0.001  +0.000  +0.000  +0.000  +0.000  +0.000  +0.000
50          +0.004  +0.001  +0.001  +0.000  +0.000  +0.000  +0.000  +0.000  +0.000
55          +0.006  +0.002  +0.001  +0.001  +0.000  +0.000  +0.000  +0.000  +0.000
60          +0.008  +0.003  +0.001  +0.001  +0.000  +0.000  +0.000  +0.000  +0.000
65          +0.010  +0.004  +0.002  +0.001  +0.000  +0.000  +0.000  +0.000  +0.000
70          +0.015  +0.006  +0.003  +0.001  +0.001  +0.000  +0.000  +0.000  +0.000
75          +0.021  +0.011  +0.004  +0.002  +0.001  +0.000  +0.000  +0.000  +0.000
80          +0.033  +0.019  +0.008  +0.003  +0.001  +0.000  +0.000  +0.000  +0.000
85          +0.055  +0.040  +0.018  +0.006  +0.002  +0.001  +0.000  +0.000  +0.000
90          +0.090  +0.075  +0.049  +0.018  +0.005  +0.002  +0.001  +0.000  +0.000
95          +0.173  +0.166  +0.140  +0.071  +0.021  +0.005  +0.002  +0.001  +0.001
96          +0.205  +0.214  +0.178  +0.101  +0.034  +0.008  +0.003  +0.002  +0.001
97          +0.249  +0.260  +0.222  +0.141  +0.056  +0.012  +0.004  +0.002  +0.001
98          +0.319  +0.321  +0.288  +0.206  +0.087  +0.024  +0.007  +0.004  +0.002
99          +0.406  +0.448  +0.425  +0.314  +0.198  +0.046  +0.012  +0.007  +0.004

saved results\v20b_curve_2026-06-09\ESTABLISHED_MLB_walkforward.csv

--- ESTABLISHED_MLB: walk-forward by snap_offset ---
offset     n  pos  base%  pred%  AU-PR AU-PR_lift  lift@2    ECE
     0  3514  128   3.64   3.21  0.320       8.78   12.16  0.005
     1  3468  106   3.06   2.86  0.391      12.80   15.65  0.006
     2  3419   83   2.43   2.23  0.450      18.54   19.99  0.004
     3  3324   47   1.41   1.38  0.478      33.82   28.93  0.003
     4  3241   23   0.71   0.72  0.354      49.82   32.52  0.002
     5  3170    9   0.28   0.25  0.308     108.58   33.54  0.002
     6  3133    4   0.13   0.08  0.171     134.32   37.30  0.001
     7  2926    1   0.03   0.05  0.040     117.04   49.59  0.000
     8  2728    1   0.04   0.03  1.000    2728.00   49.60  0.000
     9  2555    0   0.00    nan    nan        nan     nan    nan
    10  2372    0   0.00    nan    nan        nan     nan    nan

saved results\v20b_curve_2026-06-09\ESTABLISHED_MLB_top_lookback.csv  (578 top-2% rows)

look-back per yip × slab (top 0-2%):
 snap_offset     slab  n  realized     rate
           0 0.0-0.5% 17         9 0.529412
           0 0.5-1.0% 18         8 0.444444
           0 1.0-1.5% 17         9 0.529412
           0 1.5-2.0% 18         5 0.277778
           1 0.0-0.5% 17        12 0.705882
           1 0.5-1.0% 17         7 0.411765
           1 1.0-1.5% 18         9 0.500000
           1 1.5-2.0% 17         5 0.294118
           2 0.0-0.5% 17        10 0.588235
           2 0.5-1.0% 17        10 0.588235
           2 1.0-1.5% 17         8 0.470588
           2 1.5-2.0% 17         5 0.294118
           3 0.0-0.5% 16        10 0.625000
           3 0.5-1.0% 17         7 0.411765
           3 1.0-1.5% 16         4 0.250000
           3 1.5-2.0% 17         6 0.352941
           4           1         1 1.000000
           4 0.0-0.5% 16         7 0.437500
           4 0.5-1.0% 16         5 0.312500
           4 1.0-1.5% 16         1 0.062500
           4 1.5-2.0% 16         1 0.062500
           5 0.0-0.5% 15         2 0.133333
           5 0.5-1.0% 16         1 0.062500
           5 1.0-1.5% 16         2 0.125000
           5 1.5-2.0% 16         1 0.062500
           6           1         0 0.000000
           6 0.0-0.5% 15         2 0.133333
           6 0.5-1.0% 16         1 0.062500
           6 1.0-1.5% 15         0 0.000000
           6 1.5-2.0% 16         0 0.000000
           7           1         0 0.000000
           7 0.0-0.5% 14         0 0.000000
           7 0.5-1.0% 15         1 0.066667
           7 1.0-1.5% 14         0 0.000000
           7 1.5-2.0% 15         0 0.000000
           8           1         0 0.000000
           8 0.0-0.5% 13         1 0.076923
           8 0.5-1.0% 14         0 0.000000
           8 1.0-1.5% 13         0 0.000000
           8 1.5-2.0% 14         0 0.000000

==============================================================================
EVENT: STAR_PLUS_ELITE
==============================================================================
  ranking by lasso_score_STAR_PLUS_ELITE (range [+0.00, +0.45])
saved results\v20b_curve_2026-06-09\STAR_PLUS_ELITE_pct_slabs.csv

--- realized STAR_PLUS_ELITE rate (%) by yip × slab ---
yip             0      1      2      3      4      5      6      7      8
slab                                                                     
0.0-0.5%     27.8   41.2   41.2   35.3   18.8    0.0    0.0    0.0    7.1
0.5-1.0%     17.6   22.2    5.9   12.5    0.0    0.0    0.0    0.0    0.0
1.0-1.5%     11.1   23.5   23.5    5.9    0.0    0.0    0.0    0.0    0.0
1.5-2.0%     17.6   29.4   11.8    0.0    0.0    0.0    0.0    0.0    0.0
2-3%          8.6    0.0    5.7    2.9    3.1    0.0    0.0    3.4    0.0
3-4%          8.3    8.6    5.9    0.0    0.0    0.0    0.0    0.0    0.0
4-5%          5.7    2.9    0.0    0.0    3.1    0.0    3.1    0.0    0.0
5-10%         4.0    2.3    1.2    0.0    0.0    0.6    0.0    0.0    0.0
10-20%        1.7    0.6    0.3    0.6    0.0    0.0    0.0    0.0    0.0
20-50%        0.3    0.1    0.1    0.0    0.0    0.0    0.0    0.0    0.0
bottom 50%    0.0    0.0    0.0    0.0    0.0    0.0    0.0    0.0    0.0

--- n per cell ---
yip             0      1      2      3      4      5      6      7      8
slab                                                                     
0.0-0.5%       18     17     17     17     16     16     16     15     14
0.5-1.0%       17     18     17     16     16     16     15     14     13
1.0-1.5%       18     17     17     17     17     16     16     15     14
1.5-2.0%       17     17     17     16     16     15     16     15     14
2-3%           35     35     35     34     32     32     31     29     27
3-4%           36     35     34     33     33     32     31     29     27
4-5%           35     34     34     33     32     31     32     29     27
5-10%         175    174    171    166    162    159    156    147    137
10-20%        352    347    342    333    324    317    314    292    273
20-50%       1054   1040   1026    997    972    951    939    878    818
bottom 50%   1757   1734   1709   1662   1621   1585   1567   1463   1364

--- score floor per cell ---
yip              0       1       2       3       4       5       6       7       8
slab                                                                              
0.0-0.5%    +0.215  +0.191  +0.136  +0.076  +0.051  +0.007  +0.003  +0.003  +0.002
0.5-1.0%    +0.173  +0.128  +0.094  +0.051  +0.029  +0.004  +0.002  +0.002  +0.001
1.0-1.5%    +0.122  +0.104  +0.068  +0.042  +0.013  +0.003  +0.001  +0.001  +0.001
1.5-2.0%    +0.099  +0.085  +0.054  +0.031  +0.009  +0.002  +0.001  +0.001  +0.001
2-3%        +0.068  +0.062  +0.039  +0.018  +0.006  +0.002  +0.001  +0.001  +0.000
3-4%        +0.055  +0.045  +0.032  +0.010  +0.004  +0.001  +0.001  +0.000  +0.000
4-5%        +0.041  +0.037  +0.022  +0.008  +0.003  +0.001  +0.000  +0.000  +0.000
5-10%       +0.015  +0.012  +0.007  +0.003  +0.001  +0.001  +0.000  +0.000  +0.000
10-20%      +0.005  +0.003  +0.002  +0.001  +0.000  +0.000  +0.000  +0.000  +0.000
20-50%      +0.001  +0.000  +0.000  +0.000  +0.000  +0.000  +0.000  +0.000  +0.000
bottom 50%  +0.000  +0.000  +0.000  +0.000  +0.000  +0.000  +0.000  +0.000  +0.000

--- base rate by yip ---
  yip=0: 1.05%
  yip=1: 0.89%
  yip=2: 0.64%
  yip=3: 0.36%
  yip=4: 0.15%
  yip=5: 0.03%
  yip=6: 0.03%
  yip=7: 0.03%
  yip=8: 0.04%

saved results\v20b_curve_2026-06-09\STAR_PLUS_ELITE_cum_above_threshold.csv

--- STAR_PLUS_ELITE: rate above score floor (%) by yip × pctile cut [cut p = top (100-p)%] ---
yip             0      1      2      3      4      5      6      7      8
pctile_cut                                                               
5             1.1    0.9    0.7    0.4    0.2    0.0    0.0    0.0    0.0
10            1.2    1.0    0.7    0.4    0.2    0.0    0.0    0.0    0.0
15            1.2    1.1    0.8    0.4    0.2    0.0    0.0    0.0    0.0
20            1.3    1.1    0.8    0.5    0.2    0.0    0.0    0.0    0.0
25            1.4    1.2    0.9    0.5    0.2    0.0    0.0    0.0    0.0
30            1.5    1.3    0.9    0.5    0.2    0.0    0.0    0.0    0.1
35            1.6    1.4    1.0    0.6    0.2    0.0    0.0    0.1    0.1
40            1.8    1.5    1.1    0.6    0.3    0.1    0.1    0.1    0.1
45            1.9    1.6    1.2    0.7    0.3    0.1    0.1    0.1    0.1
50            2.1    1.8    1.3    0.7    0.3    0.1    0.1    0.1    0.1
55            2.3    2.0    1.4    0.8    0.3    0.1    0.1    0.1    0.1
60            2.6    2.2    1.6    0.9    0.4    0.1    0.1    0.1    0.1
65            3.0    2.6    1.8    1.0    0.4    0.1    0.1    0.1    0.1
70            3.4    3.0    2.0    1.2    0.5    0.1    0.1    0.1    0.1
75            4.0    3.6    2.5    1.4    0.6    0.1    0.1    0.1    0.1
80            4.8    4.3    3.1    1.8    0.8    0.2    0.2    0.2    0.2
85            6.3    5.8    4.1    2.4    1.0    0.2    0.2    0.2    0.2
90            8.0    8.1    5.8    3.0    1.5    0.3    0.3    0.3    0.4
95           11.9   13.8   10.5    6.0    3.1    0.0    0.6    0.7    0.7
96           13.5   16.5   13.1    7.5    3.1    0.0    0.0    0.8    0.9
97           16.0   19.0   15.5   10.0    4.1    0.0    0.0    1.1    1.2
98           18.3   28.6   20.3   13.4    4.6    0.0    0.0    0.0    1.8
99           22.2   31.4   22.9   23.5    9.1    0.0    0.0    0.0    3.6

--- STAR_PLUS_ELITE: n above score floor by yip × pctile cut ---
yip             0      1      2      3      4      5      6      7      8
pctile_cut                                                               
5            3338   3294   3248   3157   3079   3011   2976   2779   2591
10           3163   3121   3077   2991   2917   2856   2819   2633   2455
15           2987   2947   2906   2825   2755   2694   2663   2487   2318
20           2811   2774   2735   2659   2593   2536   2506   2341   2182
25           2635   2601   2565   2493   2431   2377   2350   2194   2046
30           2460   2427   2400   2327   2269   2219   2193   2049   1910
35           2284   2254   2222   2160   2107   2060   2036   1902   1773
40           2108   2081   2051   1994   1945   1902   1880   1756   1637
45           1933   1907   1880   1828   1804   1743   1723   1609   1500
50           1757   1734   1710   1662   1621   1585   1567   1463   1364
55           1581   1561   1543   1496   1459   1427   1410   1317   1228
60           1406   1387   1368   1330   1297   1268   1273   1171   1092
65           1230   1214   1197   1164   1135   1110   1097   1025    955
70           1054   1041   1026    997    973    951    940    895    819
75            879    867    855    831    811    793    784    732    682
80            703    694    684    665    649    634    627    586    546
85            527    521    513    499    487    476    470    439    410
90            352    347    342    333    325    317    314    293    273
95            176    174    171    167    163    159    157    147    137
96            141    139    137    133    130    127    126    118    110
97            106    105    103    100     98     96     94     88     82
98             71     70     69     67     65     64     63     59     55
99             36     35     35     34     33     32     32     30     28

--- STAR_PLUS_ELITE: score floor by yip × pctile cut ---
yip              0       1       2       3       4       5       6       7       8
pctile_cut                                                                        
5           +0.000  +0.000  +0.000  +0.000  +0.000  +0.000  +0.000  +0.000  +0.000
10          +0.000  +0.000  +0.000  +0.000  +0.000  +0.000  +0.000  +0.000  +0.000
15          +0.000  +0.000  +0.000  +0.000  +0.000  +0.000  +0.000  +0.000  +0.000
20          +0.000  +0.000  +0.000  +0.000  +0.000  +0.000  +0.000  +0.000  +0.000
25          +0.000  +0.000  +0.000  +0.000  +0.000  +0.000  +0.000  +0.000  +0.000
30          +0.000  +0.000  +0.000  +0.000  +0.000  +0.000  +0.000  +0.000  +0.000
35          +0.001  +0.000  +0.000  +0.000  +0.000  +0.000  +0.000  +0.000  +0.000
40          +0.001  +0.000  +0.000  +0.000  +0.000  +0.000  +0.000  +0.000  +0.000
45          +0.001  +0.000  +0.000  +0.000  +0.000  +0.000  +0.000  +0.000  +0.000
50          +0.001  +0.000  +0.000  +0.000  +0.000  +0.000  +0.000  +0.000  +0.000
55          +0.002  +0.001  +0.000  +0.000  +0.000  +0.000  +0.000  +0.000  +0.000
60          +0.002  +0.001  +0.000  +0.000  +0.000  +0.000  +0.000  +0.000  +0.000
65          +0.002  +0.001  +0.001  +0.000  +0.000  +0.000  +0.000  +0.000  +0.000
70          +0.003  +0.001  +0.001  +0.000  +0.000  +0.000  +0.000  +0.000  +0.000
75          +0.004  +0.002  +0.001  +0.001  +0.000  +0.000  +0.000  +0.000  +0.000
80          +0.005  +0.003  +0.002  +0.001  +0.000  +0.000  +0.000  +0.000  +0.000
85          +0.008  +0.005  +0.003  +0.001  +0.001  +0.000  +0.000  +0.000  +0.000
90          +0.015  +0.012  +0.007  +0.003  +0.001  +0.001  +0.000  +0.000  +0.000
95          +0.041  +0.037  +0.022  +0.008  +0.003  +0.001  +0.000  +0.000  +0.000
96          +0.055  +0.045  +0.032  +0.010  +0.004  +0.001  +0.001  +0.000  +0.000
97          +0.068  +0.061  +0.039  +0.018  +0.006  +0.002  +0.001  +0.001  +0.000
98          +0.096  +0.083  +0.053  +0.031  +0.009  +0.002  +0.001  +0.001  +0.001
99          +0.172  +0.126  +0.091  +0.050  +0.028  +0.004  +0.002  +0.002  +0.001

saved results\v20b_curve_2026-06-09\STAR_PLUS_ELITE_walkforward.csv

--- STAR_PLUS_ELITE: walk-forward by snap_offset ---
offset     n  pos  base%  pred%  AU-PR AU-PR_lift  lift@2    ECE
     0  3514   37   1.05   0.86  0.190      18.05   17.64  0.002
     1  3468   31   0.89   0.71  0.345      38.55   32.43  0.002
     2  3419   22   0.64   0.45  0.301      46.76   32.00  0.003
     3  3324   12   0.36   0.24  0.417     115.41   37.77  0.001
     4  3241    5   0.15   0.12  0.210     136.33   29.92  0.000
     5  3170    1   0.03   0.03  0.004      11.70    0.00  0.000
     6  3133    1   0.03   0.02  0.007      21.17    0.00  0.000
     7  2926    1   0.03   0.01  0.015      45.02    0.00  0.000
     8  2728    1   0.04   0.01  0.071     194.86   49.60  0.000
     9  2555    0   0.00    nan    nan        nan     nan    nan
    10  2372    0   0.00    nan    nan        nan     nan    nan

saved results\v20b_curve_2026-06-09\STAR_PLUS_ELITE_top_lookback.csv  (578 top-2% rows)

look-back per yip × slab (top 0-2%):
 snap_offset     slab  n  realized     rate
           0 0.0-0.5% 17         5 0.294118
           0 0.5-1.0% 18         3 0.166667
           0 1.0-1.5% 17         2 0.117647
           0 1.5-2.0% 18         3 0.166667
           1 0.0-0.5% 17         7 0.411765
           1 0.5-1.0% 17         4 0.235294
           1 1.0-1.5% 18         4 0.222222
           1 1.5-2.0% 17         5 0.294118
           2 0.0-0.5% 17         7 0.411765
           2 0.5-1.0% 17         1 0.058824
           2 1.0-1.5% 17         4 0.235294
           2 1.5-2.0% 17         2 0.117647
           3 0.0-0.5% 16         5 0.312500
           3 0.5-1.0% 17         3 0.176471
           3 1.0-1.5% 16         1 0.062500
           3 1.5-2.0% 17         0 0.000000
           4           1         0 0.000000
           4 0.0-0.5% 16         3 0.187500
           4 0.5-1.0% 16         0 0.000000
           4 1.0-1.5% 16         0 0.000000
           4 1.5-2.0% 16         0 0.000000
           5 0.0-0.5% 15         0 0.000000
           5 0.5-1.0% 16         0 0.000000
           5 1.0-1.5% 16         0 0.000000
           5 1.5-2.0% 16         0 0.000000
           6           1         0 0.000000
           6 0.0-0.5% 15         0 0.000000
           6 0.5-1.0% 16         0 0.000000
           6 1.0-1.5% 15         0 0.000000
           6 1.5-2.0% 16         0 0.000000
           7           1         0 0.000000
           7 0.0-0.5% 14         0 0.000000
           7 0.5-1.0% 15         0 0.000000
           7 1.0-1.5% 14         0 0.000000
           7 1.5-2.0% 15         0 0.000000
           8           1         0 0.000000
           8 0.0-0.5% 13         0 0.000000
           8 0.5-1.0% 14         1 0.071429
           8 1.0-1.5% 13         0 0.000000
           8 1.5-2.0% 14         0 0.000000
