validate_full.py  prefix=v20b_clean  out_dir=results\v20b_clean_2026-06-08
  long=results/training/v2.0b_oof_val_long.csv
  lasso=None
  lasso_bundle=None
  model_b=None
  db=prospects_snapshot.db
  date=2026-06-08

scored val (joint XGBoost): 33,850 rows, 3,514 players
  xgb events: ['TOP_100_PROSPECT', 'MLB_DEBUT', 'ESTABLISHED_MLB', 'STAR_PLUS_ELITE']

==============================================================================
EVENT: MLB_DEBUT
==============================================================================
  ranking by lasso_score_MLB_DEBUT (range [+0.00, +0.99])
saved results\v20b_clean_2026-06-08\MLB_DEBUT_pct_slabs.csv

--- realized MLB_DEBUT rate (%) by yip × slab ---
yip            0      1      2      3      4      5      6      7      8      9      10
slab                                                                                   
0.0-0.5%     88.9  100.0  100.0  100.0  100.0   87.5   81.2   46.7   42.9   38.5    0.0
0.5-1.0%     88.2  100.0  100.0  100.0   93.8   56.2   13.3   28.6    7.7    0.0    0.0
1.0-1.5%     77.8   82.4  100.0   88.2   64.7   18.8   25.0   13.3    7.1    0.0    8.3
1.5-2.0%     82.4   82.4   82.4  100.0   50.0   40.0   18.8   20.0    0.0    0.0    0.0
2-3%         71.4   74.3   74.3   67.6   59.4   18.8   19.4   10.3    3.7    0.0    0.0
3-4%         72.2   65.7   61.8   51.5   30.3   12.5   12.9   10.3    3.7    0.0    0.0
4-5%         51.4   50.0   55.9   30.3   28.1   16.1    0.0    0.0    0.0    3.8    0.0
5-10%        41.1   43.1   44.4   30.7   13.6   10.7    3.2    0.7    0.0    0.0    0.0
10-20%       26.4   26.5   19.6   12.0    6.2    2.2    2.2    0.7    0.7    0.4    0.0
20-50%       10.0    5.9    4.1    2.2    1.7    0.7    0.4    0.1    0.1    0.0    0.1
bottom 50%    1.2    1.0    0.7    0.4    0.2    0.1    0.0    0.0    0.0    0.0    0.0

--- n per cell ---
yip            0      1      2      3      4      5      6      7      8      9      10
slab                                                                                   
0.0-0.5%       18     17     17     17     16     16     16     15     14     13     12
0.5-1.0%       17     18     17     16     16     16     15     14     13     13     12
1.0-1.5%       18     17     17     17     17     16     16     15     14     12     12
1.5-2.0%       17     17     17     16     16     15     16     15     14     13     11
2-3%           35     35     35     34     32     32     31     29     27     26     24
3-4%           36     35     34     33     33     32     31     29     27     25     24
4-5%           35     34     34     33     32     31     32     29     27     26     24
5-10%         175    174    171    166    162    159    156    147    137    128    118
10-20%        352    347    342    333    324    317    314    292    273    255    237
20-50%       1054   1040   1026    997    972    951    939    878    818    767    712
bottom 50%   1757   1734   1709   1662   1621   1585   1567   1463   1364   1277   1186

--- score floor per cell ---
yip             0       1       2       3       4       5       6       7       8       9       10
slab                                                                                              
0.0-0.5%    +0.852  +0.980  +0.986  +0.984  +0.973  +0.703  +0.439  +0.258  +0.133  +0.081  +0.025
0.5-1.0%    +0.795  +0.918  +0.966  +0.950  +0.829  +0.486  +0.311  +0.169  +0.067  +0.038  +0.017
1.0-1.5%    +0.749  +0.847  +0.915  +0.862  +0.708  +0.389  +0.246  +0.109  +0.045  +0.020  +0.009
1.5-2.0%    +0.716  +0.817  +0.809  +0.796  +0.627  +0.326  +0.196  +0.083  +0.034  +0.015  +0.006
2-3%        +0.672  +0.734  +0.716  +0.667  +0.445  +0.256  +0.109  +0.058  +0.022  +0.007  +0.004
3-4%        +0.601  +0.632  +0.659  +0.577  +0.364  +0.197  +0.075  +0.036  +0.014  +0.005  +0.003
4-5%        +0.552  +0.585  +0.595  +0.491  +0.299  +0.138  +0.050  +0.025  +0.010  +0.003  +0.002
5-10%       +0.359  +0.359  +0.348  +0.230  +0.104  +0.044  +0.019  +0.007  +0.003  +0.002  +0.001
10-20%      +0.205  +0.160  +0.112  +0.057  +0.026  +0.011  +0.004  +0.002  +0.001  +0.001  +0.001
20-50%      +0.044  +0.026  +0.015  +0.009  +0.005  +0.002  +0.001  +0.001  +0.000  +0.000  +0.000
bottom 50%  +0.002  +0.001  +0.001  +0.001  +0.001  +0.000  +0.000  +0.000  +0.000  +0.000  +0.000

--- base rate by yip ---
  yip=0: 11.92%
  yip=1: 10.78%
  yip=2: 9.59%
  yip=3: 7.01%
  yip=4: 4.66%
  yip=5: 2.52%
  yip=6: 1.53%
  yip=7: 0.89%
  yip=8: 0.48%
  yip=9: 0.27%
  yip=10: 0.08%

saved results\v20b_clean_2026-06-08\MLB_DEBUT_cum_above_threshold.csv

--- MLB_DEBUT: rate above score floor (%) by yip × pctile cut [cut p = top (100-p)%] ---
yip            0      1      2      3      4      5      6      7      8      9      10
pctile_cut                                                                             
5            12.5   11.4   10.1    7.4    4.9    2.7    1.6    0.9    0.5    0.3    0.1
10           13.2   12.0   10.6    7.7    5.1    2.8    1.7    1.0    0.5    0.3    0.1
15           13.9   12.7   11.3    8.2    5.4    3.0    1.8    1.0    0.6    0.3    0.1
20           14.7   13.4   11.9    8.7    5.8    3.1    1.9    1.1    0.6    0.3    0.1
25           15.7   14.3   12.7    9.2    6.1    3.3    2.0    1.2    0.6    0.4    0.1
30           16.7   15.3   13.6    9.8    6.6    3.5    2.2    1.3    0.7    0.4    0.1
35           17.8   16.3   14.5   10.6    7.1    3.8    2.4    1.4    0.7    0.4    0.1
40           19.2   17.6   15.6   11.4    7.7    4.1    2.6    1.5    0.8    0.5    0.1
45           20.8   18.9   16.9   12.5    8.3    4.5    2.8    1.6    0.9    0.5    0.2
50           22.7   20.6   18.5   13.7    9.1    4.9    3.1    1.8    1.0    0.5    0.2
55           24.5   22.7   20.5   15.0    9.9    5.5    3.4    2.0    1.1    0.6    0.2
60           27.0   25.3   22.8   16.7   11.1    6.2    3.7    2.2    1.2    0.7    0.2
65           29.9   28.3   25.4   18.8   12.5    7.0    4.2    2.5    1.4    0.8    0.2
70           33.1   31.8   29.3   21.8   14.5    8.0    4.9    3.0    1.6    0.9    0.3
75           37.3   36.0   34.0   25.3   16.8    9.1    5.7    3.4    1.9    1.1    0.2
80           41.7   42.7   40.1   30.8   20.0   11.2    7.0    4.3    2.2    1.4    0.2
85           49.0   49.3   48.7   37.3   25.5   14.1    8.9    5.7    2.9    1.6    0.3
90           57.1   58.8   60.5   49.5   33.8   20.2   11.8    7.8    3.7    2.3    0.4
95           72.7   74.1   76.6   68.9   54.0   29.6   20.4   15.0    7.3    4.7    0.8
96           78.0   80.6   81.8   78.2   60.8   33.1   25.4   18.6    9.1    4.9    1.1
97           80.2   85.7   88.3   87.0   71.4   39.6   29.8   21.6   11.0    6.5    1.4
98           84.5   91.4   95.7   95.5   76.9   50.0   34.9   27.1   14.5    9.6    2.1
99           88.9  100.0  100.0  100.0   97.0   71.9   46.9   36.7   25.0   19.2    0.0

--- MLB_DEBUT: n above score floor by yip × pctile cut ---
yip            0      1      2      3      4      5      6      7      8      9      10
pctile_cut                                                                             
5            3338   3294   3248   3157   3079   3011   2976   2779   2591   2427   2254
10           3162   3121   3077   2994   2917   2853   2819   2633   2455   2299   2134
15           2987   2947   2906   2825   2755   2694   2663   2487   2318   2171   2016
20           2811   2774   2735   2659   2593   2544   2506   2341   2182   2044   1897
25           2635   2601   2564   2493   2431   2377   2350   2194   2046   1916   1779
30           2460   2427   2393   2327   2269   2219   2193   2048   1909   1788   1661
35           2284   2254   2222   2160   2107   2060   2036   1902   1773   1661   1542
40           2108   2081   2051   1994   1945   1902   1880   1756   1637   1533   1423
45           1933   1907   1880   1828   1783   1743   1723   1609   1500   1405   1305
50           1757   1734   1710   1662   1621   1585   1567   1463   1364   1278   1186
55           1581   1561   1539   1496   1459   1427   1410   1317   1228   1150   1067
60           1406   1387   1368   1330   1297   1268   1253   1171   1091   1022    949
65           1230   1214   1197   1164   1135   1110   1097   1024    955    894    830
70           1054   1041   1026    997    973    951    940    878    819    769    712
75            879    867    855    831    811    793    784    732    682    639    593
80            703    694    684    665    649    634    627    586    546    511    475
85            527    521    513    499    487    476    470    439    410    384    356
90            352    347    342    333    325    317    314    293    273    256    238
95            176    174    171    167    163    159    157    147    137    128    119
96            141    139    137    133    130    127    126    118    110    103     95
97            106    105    103    100     98     96     94     88     82     77     72
98             71     70     69     67     65     64     63     59     55     52     48
99             36     35     35     34     33     32     32     30     28     26     24

--- MLB_DEBUT: score floor by yip × pctile cut ---
yip             0       1       2       3       4       5       6       7       8       9       10
pctile_cut                                                                                        
5           +0.004  +0.002  +0.001  +0.002  +0.001  +0.001  +0.000  +0.000  +0.000  +0.000  +0.000
10          +0.005  +0.003  +0.002  +0.002  +0.002  +0.001  +0.000  +0.000  +0.000  +0.000  +0.000
15          +0.007  +0.004  +0.003  +0.003  +0.002  +0.001  +0.000  +0.000  +0.000  +0.000  +0.000
20          +0.010  +0.005  +0.003  +0.003  +0.002  +0.001  +0.000  +0.000  +0.000  +0.000  +0.000
25          +0.013  +0.006  +0.004  +0.004  +0.003  +0.001  +0.001  +0.000  +0.000  +0.000  +0.000
30          +0.015  +0.008  +0.005  +0.004  +0.003  +0.001  +0.001  +0.000  +0.000  +0.000  +0.000
35          +0.018  +0.011  +0.006  +0.005  +0.003  +0.001  +0.001  +0.000  +0.000  +0.000  +0.000
40          +0.023  +0.014  +0.008  +0.006  +0.003  +0.002  +0.001  +0.000  +0.000  +0.000  +0.000
45          +0.033  +0.020  +0.011  +0.007  +0.004  +0.002  +0.001  +0.001  +0.000  +0.000  +0.000
50          +0.044  +0.026  +0.015  +0.009  +0.005  +0.002  +0.001  +0.001  +0.000  +0.000  +0.000
55          +0.056  +0.034  +0.021  +0.012  +0.006  +0.002  +0.001  +0.001  +0.001  +0.000  +0.000
60          +0.069  +0.044  +0.026  +0.015  +0.007  +0.003  +0.001  +0.001  +0.001  +0.000  +0.000
65          +0.086  +0.056  +0.033  +0.018  +0.009  +0.004  +0.001  +0.001  +0.001  +0.000  +0.000
70          +0.113  +0.076  +0.045  +0.024  +0.012  +0.005  +0.002  +0.001  +0.001  +0.001  +0.000
75          +0.150  +0.105  +0.065  +0.035  +0.017  +0.007  +0.002  +0.001  +0.001  +0.001  +0.001
80          +0.205  +0.160  +0.112  +0.057  +0.026  +0.011  +0.004  +0.002  +0.001  +0.001  +0.001
85          +0.266  +0.235  +0.191  +0.112  +0.047  +0.022  +0.007  +0.003  +0.002  +0.001  +0.001
90          +0.359  +0.359  +0.347  +0.228  +0.103  +0.043  +0.019  +0.007  +0.003  +0.002  +0.001
95          +0.552  +0.584  +0.593  +0.489  +0.299  +0.137  +0.049  +0.025  +0.009  +0.003  +0.002
96          +0.601  +0.632  +0.658  +0.574  +0.364  +0.197  +0.074  +0.036  +0.014  +0.005  +0.003
97          +0.668  +0.733  +0.716  +0.667  +0.435  +0.253  +0.109  +0.057  +0.022  +0.007  +0.004
98          +0.715  +0.814  +0.807  +0.790  +0.626  +0.325  +0.195  +0.082  +0.034  +0.014  +0.006
99          +0.791  +0.917  +0.961  +0.946  +0.799  +0.481  +0.303  +0.152  +0.064  +0.037  +0.016

saved results\v20b_clean_2026-06-08\MLB_DEBUT_thresholds_at_p60.csv

--- MLB_DEBUT: per-yip threshold for >=60% precision ---
 yip  threshold  n_above  tp_above  precision   recall  n_total
   0      0.387      318       191      0.601    0.456     3514
   1      0.367      336       202      0.601    0.540     3468
   2      0.335      353       212      0.601    0.646     3419
   3      0.330      248       149      0.601    0.639     3324
   4      0.348      136        82      0.603    0.543     3241
   5      0.426       40        24      0.600    0.300     3170
   6      0.336       23        14      0.609    0.292     3133
   7        nan        0         0        nan      nan     2926
   8        nan        0         0        nan      nan     2728
   9        nan        0         0        nan      nan     2555
  10        nan        0         0        nan      nan     2372

scoring time-to-debut with models/time_to_debut_v1.18_prod.pkl
saved results\v20b_clean_2026-06-08\MLB_DEBUT_time_to_debut.csv

--- MLB_DEBUT: time-to-debut (n=1689 debutee-snaps, 420 players) ---
  overall: MAE=1.26  Spearman=+0.519

  snap_off     n   spearman   MAE  mean_act  mean_pred
         0   420    +0.193  1.54     4.35      3.58
         1   375    +0.391  1.29     3.56      3.01
         2   329    +0.463  1.16     2.83      2.68
         3   234    +0.464  1.09     2.47      2.53
         4   152    +0.473  1.11     2.21      2.48
         5    81    +0.447  1.10     2.25      2.51
         6    49    +0.373  1.00     2.06      2.35
         7    27    +0.265  1.04     1.93      2.21

saved results\v20b_clean_2026-06-08\MLB_DEBUT_per_current_level.csv

--- MLB_DEBUT: performance conditional on current MiLB level ---
 cur_level      n   pos  base%  AU-PR  lift@5  rate@5%  lift@10  rate@10%
      NONE  22898   169   0.74  0.416   13.96    10.31     7.75      5.72
        RK   3927   256   6.52  0.551    8.61    56.12     6.48     42.24
        A-    987   138  13.98  0.549    5.25    73.47     4.12     57.58
         A   1503   251  16.70  0.639    5.27    88.00     4.07     68.00
        A+   1508   261  17.31  0.653    5.16    89.33     4.29     74.17
        AA   1383   330  23.86  0.702    4.07    97.10     3.49     83.33
       AAA   1644   276  16.79  0.663    5.16    86.59     4.32     72.56

saved results\v20b_clean_2026-06-08\MLB_DEBUT_walkforward.csv

--- MLB_DEBUT: walk-forward by snap_offset ---
offset     n  pos  base%  pred%  AU-PR AU-PR_lift  lift@2    ECE
     0  3514  419  11.92  12.22  0.566       4.74    7.07  0.012
     1  3468  374  10.78  11.10  0.634       5.88    8.47  0.005
     2  3419  328   9.59   9.83  0.678       7.07    9.96  0.007
     3  3324  233   7.01   7.49  0.680       9.71   13.83  0.011
     4  3241  151   4.66   4.76  0.604      12.97   16.51  0.008
     5  3170   80   2.52   2.59  0.461      18.26   20.13  0.006
     6  3133   48   1.53   1.38  0.448      29.27   22.79  0.004
     7  2926   26   0.89   0.71  0.403      45.37   30.52  0.002
     8  2728   13   0.48   0.37  0.369      77.51   30.52  0.001
     9  2555    7   0.27   0.20  0.322     117.35   35.78  0.001
    10  2372    2   0.08   0.11  0.018      20.99   25.23  0.000

saved results\v20b_clean_2026-06-08\MLB_DEBUT_top_lookback.csv  (676 top-2% rows)

look-back per yip × slab (top 0-2%):
 snap_offset     slab  n  realized     rate
           0 0.0-0.5% 17        15 0.882353
           0 0.5-1.0% 18        16 0.888889
           0 1.0-1.5% 17        14 0.823529
           0 1.5-2.0% 18        14 0.777778
           1 0.0-0.5% 17        17 1.000000
           1 0.5-1.0% 17        17 1.000000
           1 1.0-1.5% 18        15 0.833333
           1 1.5-2.0% 17        14 0.823529
           2 0.0-0.5% 17        17 1.000000
           2 0.5-1.0% 17        17 1.000000
           2 1.0-1.5% 17        17 1.000000
           2 1.5-2.0% 17        14 0.823529
           3 0.0-0.5% 16        16 1.000000
           3 0.5-1.0% 17        17 1.000000
           3 1.0-1.5% 16        14 0.875000
           3 1.5-2.0% 17        17 1.000000
           4           1         0 0.000000
           4 0.0-0.5% 16        16 1.000000
           4 0.5-1.0% 16        15 0.937500
           4 1.0-1.5% 16        11 0.687500
           4 1.5-2.0% 16         8 0.500000
           5 0.0-0.5% 15        13 0.866667
           5 0.5-1.0% 16         9 0.562500
           5 1.0-1.5% 16         4 0.250000
           5 1.5-2.0% 16         6 0.375000
           6           1         0 0.000000
           6 0.0-0.5% 15        12 0.800000
           6 0.5-1.0% 16         3 0.187500
           6 1.0-1.5% 15         4 0.266667
           6 1.5-2.0% 16         3 0.187500
           7           1         1 1.000000
           7 0.0-0.5% 14         7 0.500000
           7 0.5-1.0% 15         4 0.266667
           7 1.0-1.5% 14         2 0.142857
           7 1.5-2.0% 15         2 0.133333
           8           1         0 0.000000
           8 0.0-0.5% 13         6 0.461538
           8 0.5-1.0% 14         1 0.071429
           8 1.0-1.5% 13         1 0.076923
           8 1.5-2.0% 14         0 0.000000
           9 0.0-0.5% 12         5 0.416667
           9 0.5-1.0% 13         0 0.000000
           9 1.0-1.5% 13         0 0.000000
           9 1.5-2.0% 13         0 0.000000
          10 0.0-0.5% 11         0 0.000000
          10 0.5-1.0% 12         0 0.000000
          10 1.0-1.5% 12         1 0.083333
          10 1.5-2.0% 12         0 0.000000

==============================================================================
EVENT: TOP_100_PROSPECT
==============================================================================
  ranking by lasso_score_TOP_100_PROSPECT (range [+0.00, +0.79])
saved results\v20b_clean_2026-06-08\TOP_100_PROSPECT_pct_slabs.csv

--- realized TOP_100_PROSPECT rate (%) by yip × slab ---
yip             0      1      2      3      4      5
slab                                                
0.0-0.5%     72.2   70.6   94.1   35.3   31.2    6.2
0.5-1.0%     47.1   55.6   29.4   37.5    6.2    0.0
1.0-1.5%     50.0   23.5   23.5    5.9    0.0    0.0
1.5-2.0%     52.9   52.9    5.9    0.0    0.0    0.0
2-3%         25.7   14.3   14.3    5.9    0.0    0.0
3-4%         27.8   14.3    2.9    0.0    0.0    0.0
4-5%         14.3    8.8    2.9    3.0    0.0    0.0
5-10%         9.7    6.9    3.5    0.0    0.6    0.0
10-20%        3.1    0.9    0.3    0.0    0.0    0.0
20-50%        0.5    0.2    0.1    0.1    0.0    0.0
bottom 50%    0.1    0.1    0.0    0.0    0.0    0.0

--- n per cell ---
yip             0      1      2      3      4      5
slab                                                
0.0-0.5%       18     17     17     17     16     16
0.5-1.0%       17     18     17     16     16     16
1.0-1.5%       18     17     17     17     17     16
1.5-2.0%       17     17     17     16     16     15
2-3%           35     35     35     34     32     32
3-4%           36     35     34     33     33     32
4-5%           35     34     34     33     32     31
5-10%         175    174    171    166    162    159
10-20%        352    347    342    333    324    317
20-50%       1054   1040   1026    997    972    951
bottom 50%   1757   1734   1709   1662   1621   1585

--- score floor per cell ---
yip              0       1       2       3       4       5
slab                                                      
0.0-0.5%    +0.589  +0.516  +0.387  +0.188  +0.066  +0.004
0.5-1.0%    +0.482  +0.406  +0.176  +0.104  +0.023  +0.002
1.0-1.5%    +0.398  +0.290  +0.122  +0.066  +0.010  +0.001
1.5-2.0%    +0.346  +0.217  +0.097  +0.046  +0.008  +0.001
2-3%        +0.234  +0.117  +0.065  +0.014  +0.003  +0.001
3-4%        +0.178  +0.089  +0.042  +0.008  +0.002  +0.001
4-5%        +0.144  +0.070  +0.027  +0.006  +0.001  +0.000
5-10%       +0.058  +0.022  +0.005  +0.001  +0.000  +0.000
10-20%      +0.012  +0.004  +0.001  +0.000  +0.000  +0.000
20-50%      +0.002  +0.001  +0.000  +0.000  +0.000  +0.000
bottom 50%  +0.000  +0.000  +0.000  +0.000  +0.000  +0.000

--- base rate by yip ---
  yip=0: 2.76%
  yip=1: 1.90%
  yip=2: 1.20%
  yip=3: 0.51%
  yip=4: 0.22%
  yip=5: 0.03%

saved results\v20b_clean_2026-06-08\TOP_100_PROSPECT_cum_above_threshold.csv

--- TOP_100_PROSPECT: rate above score floor (%) by yip × pctile cut [cut p = top (100-p)%] ---
yip             0      1      2      3      4      5
pctile_cut                                          
5             2.9    2.0    1.3    0.5    0.2    0.0
10            3.1    2.1    1.3    0.6    0.2    0.0
15            3.2    2.2    1.4    0.6    0.3    0.0
20            3.5    2.4    1.5    0.6    0.3    0.0
25            3.7    2.5    1.6    0.7    0.3    0.0
30            3.9    2.7    1.7    0.7    0.3    0.0
35            4.2    2.9    1.8    0.8    0.3    0.0
40            4.6    3.2    2.0    0.9    0.4    0.1
45            5.0    3.4    2.2    0.9    0.4    0.1
50            5.5    3.7    2.4    1.0    0.4    0.1
55            6.1    4.2    2.7    1.1    0.5    0.1
60            6.8    4.7    3.0    1.3    0.5    0.1
65            7.8    5.3    3.4    1.5    0.6    0.1
70            9.1    6.1    4.0    1.7    0.7    0.1
75           10.8    7.4    4.8    1.9    0.9    0.1
80           12.9    9.1    5.8    2.4    1.1    0.2
85           16.5   11.7    7.6    3.2    1.4    0.2
90           22.7   17.3   11.4    4.8    2.2    0.3
95           35.8   28.2   19.3    9.6    3.7    0.6
96           41.1   32.4   23.4   11.3    4.6    0.8
97           46.2   38.1   30.1   15.0    6.1    1.0
98           54.9   50.0   37.7   19.4    9.2    1.6
99           58.3   62.9   60.0   35.3   18.2    3.1

--- TOP_100_PROSPECT: n above score floor by yip × pctile cut ---
yip             0      1      2      3      4      5
pctile_cut                                          
5            3338   3294   3248   3157   3079   3011
10           3162   3121   3077   2991   2917   2853
15           2987   2947   2906   2826   2755   2694
20           2811   2774   2735   2659   2593   2536
25           2635   2601   2564   2493   2431   2377
30           2460   2427   2393   2327   2268   2219
35           2284   2254   2222   2160   2107   2060
40           2108   2081   2051   1994   1945   1902
45           1934   1907   1880   1828   1783   1743
50           1758   1734   1710   1662   1621   1585
55           1581   1562   1539   1496   1459   1427
60           1406   1387   1368   1330   1296   1268
65           1230   1214   1197   1164   1135   1110
70           1054   1041   1026    997    973    951
75            879    867    855    832    811    793
80            703    694    684    665    649    634
85            527    521    513    499    489    476
90            352    347    342    333    325    317
95            176    174    171    167    163    159
96            141    139    137    133    130    127
97            106    105    103    100     98     96
98             71     70     69     67     65     64
99             36     35     35     34     33     32

--- TOP_100_PROSPECT: score floor by yip × pctile cut ---
yip              0       1       2       3       4       5
pctile_cut                                                
5           +0.000  +0.000  +0.000  +0.000  +0.000  +0.000
10          +0.000  +0.000  +0.000  +0.000  +0.000  +0.000
15          +0.000  +0.000  +0.000  +0.000  +0.000  +0.000
20          +0.000  +0.000  +0.000  +0.000  +0.000  +0.000
25          +0.001  +0.000  +0.000  +0.000  +0.000  +0.000
30          +0.001  +0.000  +0.000  +0.000  +0.000  +0.000
35          +0.001  +0.000  +0.000  +0.000  +0.000  +0.000
40          +0.001  +0.000  +0.000  +0.000  +0.000  +0.000
45          +0.002  +0.000  +0.000  +0.000  +0.000  +0.000
50          +0.002  +0.001  +0.000  +0.000  +0.000  +0.000
55          +0.003  +0.001  +0.000  +0.000  +0.000  +0.000
60          +0.003  +0.001  +0.000  +0.000  +0.000  +0.000
65          +0.004  +0.001  +0.000  +0.000  +0.000  +0.000
70          +0.006  +0.001  +0.000  +0.000  +0.000  +0.000
75          +0.009  +0.002  +0.001  +0.000  +0.000  +0.000
80          +0.012  +0.004  +0.001  +0.000  +0.000  +0.000
85          +0.025  +0.007  +0.002  +0.001  +0.000  +0.000
90          +0.058  +0.022  +0.005  +0.001  +0.000  +0.000
95          +0.143  +0.070  +0.027  +0.006  +0.001  +0.000
96          +0.178  +0.089  +0.042  +0.008  +0.002  +0.001
97          +0.230  +0.117  +0.064  +0.014  +0.003  +0.001
98          +0.343  +0.210  +0.095  +0.043  +0.008  +0.001
99          +0.479  +0.397  +0.174  +0.101  +0.022  +0.002

saved results\v20b_clean_2026-06-08\TOP_100_PROSPECT_walkforward.csv

--- TOP_100_PROSPECT: walk-forward by snap_offset ---
offset     n  pos  base%  pred%  AU-PR AU-PR_lift  lift@2    ECE
     0  3514   97   2.76   2.58  0.458      16.59   20.18  0.003
     1  3468   66   1.90   1.51  0.497      26.13   26.65  0.005
     2  3419   41   1.20   0.78  0.610      50.87   31.88  0.004
     3  3324   17   0.51   0.38  0.350      68.45   38.51  0.002
     4  3241    7   0.22   0.19  0.385     178.26   42.74  0.001
     5  3170    1   0.03   0.02  1.000    3170.00   50.32  0.000
     6  3133    0   0.00    nan    nan        nan     nan    nan
     7  2926    0   0.00    nan    nan        nan     nan    nan
     8  2728    0   0.00    nan    nan        nan     nan    nan
     9  2555    0   0.00    nan    nan        nan     nan    nan
    10  2372    0   0.00    nan    nan        nan     nan    nan

saved results\v20b_clean_2026-06-08\TOP_100_PROSPECT_top_lookback.csv  (401 top-2% rows)

look-back per yip × slab (top 0-2%):
 snap_offset     slab  n  realized     rate
           0 0.0-0.5% 17        13 0.764706
           0 0.5-1.0% 18         8 0.444444
           0 1.0-1.5% 17         8 0.470588
           0 1.5-2.0% 18        10 0.555556
           1 0.0-0.5% 17        12 0.705882
           1 0.5-1.0% 17        10 0.588235
           1 1.0-1.5% 18         4 0.222222
           1 1.5-2.0% 17         9 0.529412
           2 0.0-0.5% 17        16 0.941176
           2 0.5-1.0% 17         5 0.294118
           2 1.0-1.5% 17         4 0.235294
           2 1.5-2.0% 17         1 0.058824
           3 0.0-0.5% 16         6 0.375000
           3 0.5-1.0% 17         6 0.352941
           3 1.0-1.5% 16         1 0.062500
           3 1.5-2.0% 17         0 0.000000
           4           1         0 0.000000
           4 0.0-0.5% 16         5 0.312500
           4 0.5-1.0% 16         1 0.062500
           4 1.0-1.5% 16         0 0.000000
           4 1.5-2.0% 16         0 0.000000
           5 0.0-0.5% 15         1 0.066667
           5 0.5-1.0% 16         0 0.000000
           5 1.0-1.5% 16         0 0.000000
           5 1.5-2.0% 16         0 0.000000

==============================================================================
EVENT: ESTABLISHED_MLB
==============================================================================
  ranking by lasso_score_ESTABLISHED_MLB (range [+0.00, +0.75])
saved results\v20b_clean_2026-06-08\ESTABLISHED_MLB_pct_slabs.csv

--- realized ESTABLISHED_MLB rate (%) by yip × slab ---
yip             0      1      2      3      4      5      6      7      8
slab                                                                     
0.0-0.5%     44.4   82.4   70.6   70.6   50.0   12.5    6.2    0.0    7.1
0.5-1.0%     35.3   50.0   47.1   12.5   18.8    6.2    6.7    7.1    0.0
1.0-1.5%     38.9   41.2   35.3   41.2   11.8   18.8    6.2    0.0    0.0
1.5-2.0%     17.6   11.8   47.1   31.2   18.8    0.0    0.0    0.0    0.0
2-3%         28.6   37.1   25.7   20.6    9.4    3.1    0.0    0.0    0.0
3-4%         22.2   14.3   23.5    9.1    0.0    0.0    0.0    0.0    0.0
4-5%         28.6   26.5    5.9    0.0    6.2    3.2    0.0    0.0    0.0
5-10%        18.9   11.5   10.5    6.0    0.6    0.6    0.0    0.0    0.0
10-20%        6.2    5.8    3.2    0.0    0.3    0.0    0.3    0.0    0.0
20-50%        1.8    0.6    0.1    0.1    0.0    0.0    0.0    0.0    0.0
bottom 50%    0.1    0.1    0.0    0.0    0.0    0.0    0.0    0.0    0.0

--- n per cell ---
yip             0      1      2      3      4      5      6      7      8
slab                                                                     
0.0-0.5%       18     17     17     17     16     16     16     15     14
0.5-1.0%       17     18     17     16     16     16     15     14     13
1.0-1.5%       18     17     17     17     17     16     16     15     14
1.5-2.0%       17     17     17     16     16     15     16     15     14
2-3%           35     35     35     34     32     32     31     29     27
3-4%           36     35     34     33     33     32     31     29     27
4-5%           35     34     34     33     32     31     32     29     27
5-10%         175    174    171    166    162    159    156    147    137
10-20%        352    347    342    333    324    317    314    292    273
20-50%       1054   1040   1026    997    972    951    939    878    818
bottom 50%   1757   1734   1709   1662   1621   1585   1567   1463   1364

--- score floor per cell ---
yip              0       1       2       3       4       5       6       7       8
slab                                                                              
0.0-0.5%    +0.487  +0.578  +0.466  +0.413  +0.309  +0.082  +0.024  +0.013  +0.006
0.5-1.0%    +0.409  +0.448  +0.371  +0.324  +0.197  +0.047  +0.016  +0.009  +0.004
1.0-1.5%    +0.372  +0.386  +0.323  +0.258  +0.131  +0.033  +0.011  +0.006  +0.003
1.5-2.0%    +0.314  +0.336  +0.286  +0.222  +0.080  +0.027  +0.009  +0.004  +0.002
2-3%        +0.243  +0.244  +0.224  +0.151  +0.051  +0.015  +0.005  +0.003  +0.001
3-4%        +0.212  +0.218  +0.187  +0.116  +0.034  +0.010  +0.004  +0.002  +0.001
4-5%        +0.190  +0.182  +0.151  +0.073  +0.023  +0.006  +0.002  +0.001  +0.001
5-10%       +0.107  +0.083  +0.049  +0.019  +0.006  +0.002  +0.001  +0.000  +0.000
10-20%      +0.038  +0.018  +0.008  +0.003  +0.001  +0.001  +0.000  +0.000  +0.000
20-50%      +0.006  +0.002  +0.001  +0.000  +0.000  +0.000  +0.000  +0.000  +0.000
bottom 50%  +0.000  +0.000  +0.000  +0.000  +0.000  +0.000  +0.000  +0.000  +0.000

--- base rate by yip ---
  yip=0: 3.64%
  yip=1: 3.06%
  yip=2: 2.43%
  yip=3: 1.41%
  yip=4: 0.71%
  yip=5: 0.28%
  yip=6: 0.13%
  yip=7: 0.03%
  yip=8: 0.04%

saved results\v20b_clean_2026-06-08\ESTABLISHED_MLB_cum_above_threshold.csv

--- ESTABLISHED_MLB: rate above score floor (%) by yip × pctile cut [cut p = top (100-p)%] ---
yip             0      1      2      3      4      5      6      7      8
pctile_cut                                                               
5             3.8    3.2    2.6    1.5    0.7    0.3    0.1    0.0    0.0
10            4.0    3.4    2.7    1.6    0.8    0.3    0.1    0.0    0.0
15            4.3    3.6    2.9    1.7    0.8    0.3    0.2    0.0    0.0
20            4.6    3.8    3.0    1.8    0.9    0.4    0.2    0.0    0.0
25            4.9    4.1    3.2    1.9    0.9    0.4    0.2    0.0    0.0
30            5.2    4.4    3.5    2.0    1.0    0.4    0.2    0.0    0.1
35            5.6    4.7    3.7    2.2    1.1    0.4    0.2    0.1    0.1
40            6.0    5.0    4.0    2.4    1.2    0.5    0.2    0.1    0.1
45            6.6    5.5    4.4    2.6    1.3    0.5    0.2    0.1    0.1
50            7.2    6.1    4.9    2.8    1.4    0.6    0.3    0.1    0.1
55            7.8    6.7    5.4    3.1    1.6    0.6    0.3    0.1    0.1
60            8.8    7.5    6.1    3.5    1.8    0.7    0.3    0.1    0.1
65            9.9    8.6    6.9    4.0    2.0    0.8    0.4    0.1    0.1
70           11.1    9.9    8.1    4.6    2.4    0.9    0.4    0.1    0.1
75           13.0   11.9    9.7    5.5    2.8    1.1    0.5    0.1    0.1
80           15.2   14.3   12.0    6.9    3.5    1.4    0.6    0.2    0.2
85           18.8   18.0   15.2    9.2    4.7    1.9    0.9    0.2    0.2
90           24.1   22.8   20.8   13.8    6.8    2.8    1.0    0.3    0.4
95           29.5   33.9   31.0   21.6   12.9    5.0    1.9    0.7    0.7
96           29.8   36.0   37.2   27.1   14.6    5.5    2.4    0.8    0.9
97           32.1   42.9   41.7   33.0   19.4    7.3    3.2    1.1    1.2
98           35.2   45.7   49.3   38.8   24.6    9.4    4.8    1.7    1.8
99           38.9   65.7   57.1   44.1   33.3    9.4    6.2    3.3    3.6

--- ESTABLISHED_MLB: n above score floor by yip × pctile cut ---
yip             0      1      2      3      4      5      6      7      8
pctile_cut                                                               
5            3338   3294   3248   3158   3079   3011   2976   2779   2591
10           3163   3121   3077   2991   2917   2854   2819   2633   2455
15           2987   2948   2906   2825   2755   2694   2663   2487   2318
20           2811   2774   2735   2659   2593   2536   2506   2341   2182
25           2635   2601   2564   2493   2432   2377   2350   2194   2046
30           2460   2427   2399   2332   2269   2219   2193   2048   1909
35           2284   2254   2222   2160   2107   2060   2036   1902   1773
40           2108   2081   2051   1994   1945   1902   1880   1756   1637
45           1933   1907   1880   1830   1783   1743   1723   1609   1500
50           1757   1734   1710   1662   1621   1585   1567   1463   1364
55           1581   1561   1539   1496   1459   1427   1410   1317   1228
60           1406   1387   1368   1330   1297   1269   1253   1170   1091
65           1230   1214   1197   1164   1135   1110   1097   1024    955
70           1054   1041   1026    997    973    951    940    878    819
75            879    867    855    831    811    793    784    732    682
80            703    694    685    665    649    634    627    606    546
85            527    521    513    499    487    476    470    439    415
90            352    347    342    333    325    317    314    293    273
95            176    174    171    167    163    159    157    147    137
96            141    139    137    133    130    127    126    118    110
97            106    105    103    100     98     96     94     88     82
98             71     70     69     67     65     64     63     59     55
99             36     35     35     34     33     32     32     30     28

--- ESTABLISHED_MLB: score floor by yip × pctile cut ---
yip              0       1       2       3       4       5       6       7       8
pctile_cut                                                                        
5           +0.000  +0.000  +0.000  +0.000  +0.000  +0.000  +0.000  +0.000  +0.000
10          +0.001  +0.000  +0.000  +0.000  +0.000  +0.000  +0.000  +0.000  +0.000
15          +0.001  +0.000  +0.000  +0.000  +0.000  +0.000  +0.000  +0.000  +0.000
20          +0.001  +0.000  +0.000  +0.000  +0.000  +0.000  +0.000  +0.000  +0.000
25          +0.001  +0.000  +0.000  +0.000  +0.000  +0.000  +0.000  +0.000  +0.000
30          +0.002  +0.001  +0.000  +0.000  +0.000  +0.000  +0.000  +0.000  +0.000
35          +0.002  +0.001  +0.000  +0.000  +0.000  +0.000  +0.000  +0.000  +0.000
40          +0.003  +0.001  +0.000  +0.000  +0.000  +0.000  +0.000  +0.000  +0.000
45          +0.004  +0.001  +0.001  +0.000  +0.000  +0.000  +0.000  +0.000  +0.000
50          +0.006  +0.002  +0.001  +0.000  +0.000  +0.000  +0.000  +0.000  +0.000
55          +0.007  +0.003  +0.001  +0.001  +0.000  +0.000  +0.000  +0.000  +0.000
60          +0.009  +0.004  +0.002  +0.001  +0.000  +0.000  +0.000  +0.000  +0.000
65          +0.012  +0.005  +0.002  +0.001  +0.001  +0.000  +0.000  +0.000  +0.000
70          +0.015  +0.007  +0.003  +0.001  +0.001  +0.000  +0.000  +0.000  +0.000
75          +0.023  +0.011  +0.005  +0.002  +0.001  +0.000  +0.000  +0.000  +0.000
80          +0.038  +0.018  +0.008  +0.003  +0.001  +0.001  +0.000  +0.000  +0.000
85          +0.070  +0.038  +0.019  +0.006  +0.002  +0.001  +0.000  +0.000  +0.000
90          +0.107  +0.083  +0.049  +0.019  +0.006  +0.002  +0.001  +0.000  +0.000
95          +0.190  +0.181  +0.151  +0.073  +0.023  +0.006  +0.002  +0.001  +0.001
96          +0.212  +0.218  +0.187  +0.115  +0.033  +0.010  +0.004  +0.002  +0.001
97          +0.242  +0.243  +0.223  +0.150  +0.051  +0.015  +0.005  +0.003  +0.001
98          +0.313  +0.329  +0.284  +0.221  +0.080  +0.026  +0.009  +0.004  +0.002
99          +0.409  +0.444  +0.369  +0.322  +0.195  +0.047  +0.015  +0.008  +0.004

saved results\v20b_clean_2026-06-08\ESTABLISHED_MLB_walkforward.csv

--- ESTABLISHED_MLB: walk-forward by snap_offset ---
offset     n  pos  base%  pred%  AU-PR AU-PR_lift  lift@2    ECE
     0  3514  128   3.64   3.51  0.277       7.61    9.41  0.004
     1  3468  106   3.06   2.94  0.417      13.65   15.17  0.006
     2  3419   83   2.43   2.22  0.444      18.27   20.60  0.005
     3  3324   47   1.41   1.41  0.478      33.82   27.86  0.003
     4  3241   23   0.71   0.72  0.387      54.46   34.69  0.001
     5  3170    9   0.28   0.22  0.174      61.29   33.54  0.001
     6  3133    4   0.13   0.09  0.127      99.68   37.30  0.001
     7  2926    1   0.03   0.05  0.037     108.37   49.59  0.000
     8  2728    1   0.04   0.03  1.000    2728.00   49.60  0.000
     9  2555    0   0.00    nan    nan        nan     nan    nan
    10  2372    0   0.00    nan    nan        nan     nan    nan

saved results\v20b_clean_2026-06-08\ESTABLISHED_MLB_top_lookback.csv  (578 top-2% rows)

look-back per yip × slab (top 0-2%):
 snap_offset     slab  n  realized     rate
           0 0.0-0.5% 17         7 0.411765
           0 0.5-1.0% 18         7 0.388889
           0 1.0-1.5% 17         7 0.411765
           0 1.5-2.0% 18         3 0.166667
           1 0.0-0.5% 17        14 0.823529
           1 0.5-1.0% 17         8 0.470588
           1 1.0-1.5% 18         8 0.444444
           1 1.5-2.0% 17         2 0.117647
           2 0.0-0.5% 17        12 0.705882
           2 0.5-1.0% 17         8 0.470588
           2 1.0-1.5% 17         6 0.352941
           2 1.5-2.0% 17         8 0.470588
           3 0.0-0.5% 16        12 0.750000
           3 0.5-1.0% 17         2 0.117647
           3 1.0-1.5% 16         6 0.375000
           3 1.5-2.0% 17         6 0.352941
           4           1         0 0.000000
           4 0.0-0.5% 16         8 0.500000
           4 0.5-1.0% 16         3 0.187500
           4 1.0-1.5% 16         1 0.062500
           4 1.5-2.0% 16         4 0.250000
           5 0.0-0.5% 15         2 0.133333
           5 0.5-1.0% 16         0 0.000000
           5 1.0-1.5% 16         4 0.250000
           5 1.5-2.0% 16         0 0.000000
           6           1         0 0.000000
           6 0.0-0.5% 15         1 0.066667
           6 0.5-1.0% 16         1 0.062500
           6 1.0-1.5% 15         1 0.066667
           6 1.5-2.0% 16         0 0.000000
           7           1         0 0.000000
           7 0.0-0.5% 14         0 0.000000
           7 0.5-1.0% 15         1 0.066667
           7 1.0-1.5% 14         0 0.000000
           7 1.5-2.0% 15         0 0.000000
           8           1         0 0.000000
           8 0.0-0.5% 13         1 0.076923
           8 0.5-1.0% 14         0 0.000000
           8 1.0-1.5% 13         0 0.000000
           8 1.5-2.0% 14         0 0.000000

==============================================================================
EVENT: STAR_PLUS_ELITE
==============================================================================
  ranking by lasso_score_STAR_PLUS_ELITE (range [+0.00, +0.42])
saved results\v20b_clean_2026-06-08\STAR_PLUS_ELITE_pct_slabs.csv

--- realized STAR_PLUS_ELITE rate (%) by yip × slab ---
yip             0      1      2      3      4      5      6      7      8
slab                                                                     
0.0-0.5%     22.2   47.1   41.2   35.3   12.5    0.0    0.0    0.0    7.1
0.5-1.0%     17.6   22.2   17.6   12.5    6.2    0.0    0.0    0.0    0.0
1.0-1.5%     16.7   17.6   35.3   11.8    0.0    0.0    0.0    0.0    0.0
1.5-2.0%     11.8    5.9    5.9    0.0    6.2    0.0    0.0    6.7    0.0
2-3%         11.4    5.7    0.0    0.0    0.0    0.0    0.0    0.0    0.0
3-4%          8.3    8.6    2.9    0.0    0.0    0.0    0.0    0.0    0.0
4-5%         14.3    8.8    0.0    0.0    0.0    0.0    3.1    0.0    0.0
5-10%         2.3    2.3    1.2    0.6    0.6    0.6    0.0    0.0    0.0
10-20%        1.7    0.9    0.0    0.3    0.0    0.0    0.0    0.0    0.0
20-50%        0.3    0.0    0.2    0.0    0.0    0.0    0.0    0.0    0.0
bottom 50%    0.0    0.0    0.0    0.0    0.0    0.0    0.0    0.0    0.0

--- n per cell ---
yip             0      1      2      3      4      5      6      7      8
slab                                                                     
0.0-0.5%       18     17     17     17     16     16     16     15     14
0.5-1.0%       17     18     17     16     16     16     15     14     13
1.0-1.5%       18     17     17     17     17     16     16     15     14
1.5-2.0%       17     17     17     16     16     15     16     15     14
2-3%           35     35     35     34     32     32     31     29     27
3-4%           36     35     34     33     33     32     31     29     27
4-5%           35     34     34     33     32     31     32     29     27
5-10%         175    174    171    166    162    159    156    147    137
10-20%        352    347    342    333    324    317    314    292    273
20-50%       1054   1040   1026    997    972    951    939    878    818
bottom 50%   1757   1734   1709   1662   1621   1585   1567   1463   1364

--- score floor per cell ---
yip              0       1       2       3       4       5       6       7       8
slab                                                                              
0.0-0.5%    +0.213  +0.213  +0.111  +0.087  +0.048  +0.007  +0.002  +0.001  +0.001
0.5-1.0%    +0.155  +0.140  +0.079  +0.051  +0.021  +0.004  +0.002  +0.001  +0.001
1.0-1.5%    +0.118  +0.104  +0.069  +0.041  +0.014  +0.003  +0.001  +0.001  +0.000
1.5-2.0%    +0.092  +0.087  +0.061  +0.033  +0.010  +0.002  +0.001  +0.001  +0.000
2-3%        +0.066  +0.061  +0.043  +0.019  +0.006  +0.001  +0.001  +0.000  +0.000
3-4%        +0.053  +0.044  +0.030  +0.013  +0.004  +0.001  +0.001  +0.000  +0.000
4-5%        +0.041  +0.037  +0.024  +0.009  +0.003  +0.001  +0.000  +0.000  +0.000
5-10%       +0.016  +0.013  +0.008  +0.003  +0.001  +0.000  +0.000  +0.000  +0.000
10-20%      +0.006  +0.003  +0.002  +0.001  +0.000  +0.000  +0.000  +0.000  +0.000
20-50%      +0.002  +0.000  +0.000  +0.000  +0.000  +0.000  +0.000  +0.000  +0.000
bottom 50%  +0.000  +0.000  +0.000  +0.000  +0.000  +0.000  +0.000  +0.000  +0.000

--- base rate by yip ---
  yip=0: 1.05%
  yip=1: 0.89%
  yip=2: 0.64%
  yip=3: 0.36%
  yip=4: 0.15%
  yip=5: 0.03%
  yip=6: 0.03%
  yip=7: 0.03%
  yip=8: 0.04%

saved results\v20b_clean_2026-06-08\STAR_PLUS_ELITE_cum_above_threshold.csv

--- STAR_PLUS_ELITE: rate above score floor (%) by yip × pctile cut [cut p = top (100-p)%] ---
yip             0      1      2      3      4      5      6      7      8
pctile_cut                                                               
5             1.1    0.9    0.7    0.4    0.2    0.0    0.0    0.0    0.0
10            1.2    1.0    0.7    0.4    0.2    0.0    0.0    0.0    0.0
15            1.2    1.1    0.8    0.4    0.2    0.0    0.0    0.0    0.0
20            1.3    1.1    0.8    0.5    0.2    0.0    0.0    0.0    0.0
25            1.4    1.2    0.9    0.5    0.2    0.0    0.0    0.0    0.0
30            1.5    1.3    0.9    0.5    0.2    0.0    0.0    0.0    0.1
35            1.6    1.4    1.0    0.6    0.2    0.0    0.0    0.1    0.1
40            1.8    1.5    1.1    0.6    0.3    0.1    0.1    0.1    0.1
45            1.9    1.6    1.2    0.7    0.3    0.1    0.1    0.1    0.1
50            2.1    1.8    1.3    0.7    0.3    0.1    0.1    0.1    0.1
55            2.3    2.0    1.4    0.8    0.3    0.1    0.1    0.1    0.1
60            2.6    2.2    1.6    0.9    0.4    0.1    0.1    0.1    0.1
65            2.9    2.6    1.8    1.0    0.4    0.1    0.1    0.1    0.1
70            3.4    3.0    2.1    1.2    0.5    0.1    0.1    0.1    0.1
75            4.0    3.6    2.5    1.4    0.6    0.1    0.1    0.1    0.1
80            4.8    4.5    2.9    1.8    0.8    0.2    0.2    0.2    0.2
85            5.9    5.8    3.9    2.4    1.0    0.2    0.2    0.2    0.2
90            8.0    8.1    5.8    3.3    1.5    0.3    0.3    0.3    0.4
95           13.6   13.8   10.5    6.0    2.5    0.0    0.6    0.7    0.7
96           13.5   15.1   13.1    7.5    3.1    0.0    0.0    0.8    0.9
97           15.1   17.1   16.5   10.0    4.1    0.0    0.0    1.1    1.2
98           16.9   22.9   24.6   14.9    6.2    0.0    0.0    1.7    1.8
99           19.4   34.3   31.4   26.5    9.1    0.0    0.0    0.0    3.6

--- STAR_PLUS_ELITE: n above score floor by yip × pctile cut ---
yip             0      1      2      3      4      5      6      7      8
pctile_cut                                                               
5            3338   3294   3248   3157   3079   3011   2976   2779   2591
10           3162   3121   3077   2992   2917   2853   2819   2637   2455
15           2987   2947   2906   2825   2755   2694   2663   2487   2318
20           2811   2775   2735   2659   2593   2536   2506   2341   2199
25           2635   2601   2564   2495   2431   2378   2350   2194   2055
30           2460   2427   2398   2329   2269   2219   2194   2048   1911
35           2284   2254   2222   2160   2107   2060   2036   1903   1775
40           2114   2081   2051   1994   1945   1902   1880   1756   1637
45           1933   1912   1880   1831   1783   1743   1723   1609   1500
50           1757   1734   1716   1663   1621   1585   1567   1464   1364
55           1581   1561   1542   1496   1459   1427   1410   1317   1228
60           1406   1387   1368   1330   1302   1269   1253   1170   1091
65           1230   1214   1197   1164   1135   1110   1097   1024    955
70           1054   1041   1026    997    973    951    940    878    826
75            879    867    855    831    811    793    784    749    685
80            703    694    684    665    649    634    627    587    558
85            527    521    513    499    487    476    470    439    410
90            352    347    342    333    325    317    314    293    273
95            176    174    171    167    163    159    157    147    137
96            141    139    137    133    130    127    126    118    110
97            106    105    103    100     98     96     94     88     82
98             71     70     69     67     65     64     63     59     55
99             36     35     35     34     33     32     32     30     28

--- STAR_PLUS_ELITE: score floor by yip × pctile cut ---
yip              0       1       2       3       4       5       6       7       8
pctile_cut                                                                        
5           +0.000  +0.000  +0.000  +0.000  +0.000  +0.000  +0.000  +0.000  +0.000
10          +0.000  +0.000  +0.000  +0.000  +0.000  +0.000  +0.000  +0.000  +0.000
15          +0.000  +0.000  +0.000  +0.000  +0.000  +0.000  +0.000  +0.000  +0.000
20          +0.000  +0.000  +0.000  +0.000  +0.000  +0.000  +0.000  +0.000  +0.000
25          +0.000  +0.000  +0.000  +0.000  +0.000  +0.000  +0.000  +0.000  +0.000
30          +0.001  +0.000  +0.000  +0.000  +0.000  +0.000  +0.000  +0.000  +0.000
35          +0.001  +0.000  +0.000  +0.000  +0.000  +0.000  +0.000  +0.000  +0.000
40          +0.001  +0.000  +0.000  +0.000  +0.000  +0.000  +0.000  +0.000  +0.000
45          +0.001  +0.000  +0.000  +0.000  +0.000  +0.000  +0.000  +0.000  +0.000
50          +0.002  +0.000  +0.000  +0.000  +0.000  +0.000  +0.000  +0.000  +0.000
55          +0.002  +0.001  +0.000  +0.000  +0.000  +0.000  +0.000  +0.000  +0.000
60          +0.002  +0.001  +0.000  +0.000  +0.000  +0.000  +0.000  +0.000  +0.000
65          +0.003  +0.001  +0.000  +0.000  +0.000  +0.000  +0.000  +0.000  +0.000
70          +0.004  +0.001  +0.001  +0.000  +0.000  +0.000  +0.000  +0.000  +0.000
75          +0.005  +0.002  +0.001  +0.001  +0.000  +0.000  +0.000  +0.000  +0.000
80          +0.006  +0.003  +0.002  +0.001  +0.000  +0.000  +0.000  +0.000  +0.000
85          +0.009  +0.005  +0.003  +0.001  +0.001  +0.000  +0.000  +0.000  +0.000
90          +0.016  +0.013  +0.008  +0.003  +0.001  +0.000  +0.000  +0.000  +0.000
95          +0.041  +0.036  +0.024  +0.009  +0.003  +0.001  +0.000  +0.000  +0.000
96          +0.053  +0.044  +0.030  +0.013  +0.004  +0.001  +0.000  +0.000  +0.000
97          +0.065  +0.059  +0.043  +0.019  +0.006  +0.001  +0.001  +0.000  +0.000
98          +0.092  +0.087  +0.059  +0.032  +0.010  +0.002  +0.001  +0.001  +0.000
99          +0.152  +0.139  +0.077  +0.050  +0.020  +0.004  +0.001  +0.001  +0.001

saved results\v20b_clean_2026-06-08\STAR_PLUS_ELITE_walkforward.csv

--- STAR_PLUS_ELITE: walk-forward by snap_offset ---
offset     n  pos  base%  pred%  AU-PR AU-PR_lift  lift@2    ECE
     0  3514   37   1.05   0.88  0.166      15.77   16.28  0.003
     1  3468   31   0.89   0.70  0.394      44.03   25.94  0.002
     2  3419   22   0.64   0.44  0.344      53.40   38.85  0.002
     3  3324   12   0.36   0.23  0.416     115.25   41.97  0.001
     4  3241    5   0.15   0.12  0.162     104.83   39.89  0.001
     5  3170    1   0.03   0.03  0.004      12.19    0.00  0.000
     6  3133    1   0.03   0.01  0.007      21.46    0.00  0.000
     7  2926    1   0.03   0.01  0.018      51.33   49.59  0.000
     8  2728    1   0.04   0.01  0.071     194.86   49.60  0.000
     9  2555    0   0.00    nan    nan        nan     nan    nan
    10  2372    0   0.00    nan    nan        nan     nan    nan

saved results\v20b_clean_2026-06-08\STAR_PLUS_ELITE_top_lookback.csv  (578 top-2% rows)

look-back per yip × slab (top 0-2%):
 snap_offset     slab  n  realized     rate
           0 0.0-0.5% 17         4 0.235294
           0 0.5-1.0% 18         3 0.166667
           0 1.0-1.5% 17         3 0.176471
           0 1.5-2.0% 18         2 0.111111
           1 0.0-0.5% 17         8 0.470588
           1 0.5-1.0% 17         4 0.235294
           1 1.0-1.5% 18         3 0.166667
           1 1.5-2.0% 17         1 0.058824
           2 0.0-0.5% 17         7 0.411765
           2 0.5-1.0% 17         3 0.176471
           2 1.0-1.5% 17         6 0.352941
           2 1.5-2.0% 17         1 0.058824
           3 0.0-0.5% 16         6 0.375000
           3 0.5-1.0% 17         2 0.117647
           3 1.0-1.5% 16         2 0.125000
           3 1.5-2.0% 17         0 0.000000
           4           1         0 0.000000
           4 0.0-0.5% 16         2 0.125000
           4 0.5-1.0% 16         1 0.062500
           4 1.0-1.5% 16         0 0.000000
           4 1.5-2.0% 16         1 0.062500
           5 0.0-0.5% 15         0 0.000000
           5 0.5-1.0% 16         0 0.000000
           5 1.0-1.5% 16         0 0.000000
           5 1.5-2.0% 16         0 0.000000
           6           1         0 0.000000
           6 0.0-0.5% 15         0 0.000000
           6 0.5-1.0% 16         0 0.000000
           6 1.0-1.5% 15         0 0.000000
           6 1.5-2.0% 16         0 0.000000
           7           1         0 0.000000
           7 0.0-0.5% 14         0 0.000000
           7 0.5-1.0% 15         0 0.000000
           7 1.0-1.5% 14         0 0.000000
           7 1.5-2.0% 15         1 0.066667
           8           1         0 0.000000
           8 0.0-0.5% 13         0 0.000000
           8 0.5-1.0% 14         1 0.071429
           8 1.0-1.5% 13         0 0.000000
           8 1.5-2.0% 14         0 0.000000
