validate_full.py  prefix=v20b_censor  out_dir=results\v20b_censor_2026-06-09
  long=results/training/v2.0b_oof_val_long_resolved.csv
  lasso=None
  lasso_bundle=None
  model_b=None
  db=prospects_snapshot.db
  date=2026-06-09

scored val (joint XGBoost): 25,827 rows, 3,509 players
  xgb events: ['TOP_100_PROSPECT', 'MLB_DEBUT', 'ESTABLISHED_MLB', 'STAR_PLUS_ELITE']

==============================================================================
EVENT: MLB_DEBUT
==============================================================================
  ranking by lasso_score_MLB_DEBUT (range [+0.00, +0.98])
saved results\v20b_censor_2026-06-09\MLB_DEBUT_pct_slabs.csv

--- realized MLB_DEBUT rate (%) by yip × slab ---
yip            0      1      2      3      4      5      6      7      8      9      10
slab                                                                                   
0.0-0.5%     94.4  100.0  100.0  100.0  100.0  100.0  100.0   66.7   37.5   42.9    0.0
0.5-1.0%     82.4  100.0  100.0  100.0  100.0   66.7   45.5   30.0   44.4   12.5    0.0
1.0-1.5%     83.3   81.2  100.0   92.9  100.0   54.5   60.0   33.3   12.5   14.3    0.0
1.5-2.0%     76.5   76.5   86.7  100.0   66.7   50.0   40.0   55.6    0.0    0.0    0.0
2-3%         65.7   75.0   83.3   81.5   65.4   18.2   14.3    5.3    0.0    6.7    0.0
3-4%         68.6   69.7   67.7   60.7   44.0   39.1   19.0    5.6   11.8    0.0    7.7
4-5%         57.1   60.6   66.7   57.1   28.0   17.4    4.8   10.5    0.0    0.0    0.0
5-10%        42.0   42.1   46.1   39.6   23.0    9.6    4.9    2.2    1.2    0.0    0.0
10-20%       26.2   28.4   25.6   12.6    8.3    4.4    2.4    1.1    0.6    0.0    0.8
20-50%       10.2    7.2    4.8    3.1    2.1    1.3    0.6    0.2    0.2    0.2    0.0
bottom 50%    1.1    0.9    0.7    0.5    0.3    0.2    0.1    0.0    0.0    0.0    0.0

--- n per cell ---
yip            0      1      2      3      4      5      6      7      8      9      10
slab                                                                                   
0.0-0.5%       18     16     15     14     13     11     10      9      8      7      7
0.5-1.0%       17     17     15     14     12     12     11     10      9      8      6
1.0-1.5%       18     16     16     14     13     11     10      9      8      7      7
1.5-2.0%       17     17     15     14     12     12     10      9      8      8      6
2-3%           35     32     30     27     26     22     21     19     17     15     14
3-4%           35     33     31     28     25     23     21     18     17     15     13
4-5%           35     33     30     28     25     23     21     19     17     15     13
5-10%         176    164    152    139    126    114    103     93     83     75     66
10-20%        351    328    305    278    252    227    207    186    167    150    132
20-50%       1052    983    913    835    756    683    621    558    501    450    395
bottom 50%   1755   1639   1522   1391   1261   1137   1035    931    835    749    659

--- score floor per cell ---
yip             0       1       2       3       4       5       6       7       8       9       10
slab                                                                                              
0.0-0.5%    +0.799  +0.975  +0.980  +0.980  +0.979  +0.810  +0.716  +0.454  +0.285  +0.210  +0.036
0.5-1.0%    +0.757  +0.899  +0.975  +0.973  +0.891  +0.641  +0.435  +0.285  +0.160  +0.067  +0.022
1.0-1.5%    +0.723  +0.841  +0.881  +0.916  +0.813  +0.477  +0.350  +0.194  +0.081  +0.042  +0.013
1.5-2.0%    +0.686  +0.788  +0.847  +0.836  +0.727  +0.399  +0.308  +0.136  +0.061  +0.029  +0.011
2-3%        +0.628  +0.709  +0.754  +0.718  +0.612  +0.359  +0.225  +0.090  +0.037  +0.014  +0.009
3-4%        +0.572  +0.650  +0.691  +0.637  +0.482  +0.292  +0.171  +0.062  +0.024  +0.011  +0.008
4-5%        +0.529  +0.597  +0.627  +0.562  +0.405  +0.234  +0.091  +0.045  +0.015  +0.009  +0.006
5-10%       +0.360  +0.392  +0.390  +0.313  +0.152  +0.073  +0.031  +0.011  +0.007  +0.005  +0.004
10-20%      +0.207  +0.174  +0.141  +0.073  +0.035  +0.017  +0.008  +0.005  +0.004  +0.003  +0.003
20-50%      +0.046  +0.027  +0.017  +0.011  +0.007  +0.005  +0.003  +0.003  +0.002  +0.002  +0.002
bottom 50%  +0.004  +0.003  +0.003  +0.003  +0.002  +0.002  +0.002  +0.002  +0.002  +0.002  +0.002

--- base rate by yip ---
  yip=0: 11.94%
  yip=1: 11.41%
  yip=2: 10.78%
  yip=3: 8.38%
  yip=4: 5.99%
  yip=5: 3.52%
  yip=6: 2.32%
  yip=7: 1.40%
  yip=8: 0.78%
  yip=9: 0.47%
  yip=10: 0.15%

saved results\v20b_censor_2026-06-09\MLB_DEBUT_cum_above_threshold.csv

--- MLB_DEBUT: rate above score floor (%) by yip × pctile cut [cut p = top (100-p)%] ---
yip            0      1      2      3      4      5      6      7      8      9      10
pctile_cut                                                                             
5            12.5   11.8   11.3    8.4    6.3    3.7    2.4    1.4    0.8    0.5    0.2
10           13.2   12.6   11.9    9.3    6.6    3.9    2.6    1.5    0.8    0.5    0.2
15           14.0   13.4   12.5    9.7    7.0    4.1    2.7    1.6    0.9    0.5    0.2
20           14.8   14.2   13.4   10.4    7.4    4.3    2.9    1.7    1.0    0.6    0.2
25           15.7   15.1   14.2   11.1    7.8    4.6    3.0    1.9    1.0    0.6    0.2
30           16.7   16.0   15.1   11.8    8.3    5.0    3.2    2.0    1.1    0.7    0.2
35           17.9   17.2   16.3   12.7    9.0    5.3    3.5    2.1    1.2    0.7    0.2
40           19.3   18.6   17.5   13.7    9.7    5.7    3.8    2.3    1.3    0.8    0.2
45           20.8   20.1   18.9   14.8   10.6    6.2    4.1    2.5    1.4    0.8    0.3
50           22.7   21.9   20.8   16.2   11.7    6.9    4.5    2.8    1.6    0.9    0.3
55           24.7   24.1   23.1   18.1   12.9    7.6    4.9    3.1    1.7    1.0    0.3
60           27.0   26.8   25.9   20.1   14.2    8.6    5.7    3.5    1.9    1.2    0.4
65           29.9   30.1   29.1   22.6   16.1    9.5    6.5    4.0    2.2    1.3    0.4
70           33.3   33.8   32.5   26.1   18.4   11.0    7.6    4.6    2.5    1.6    0.5
75           37.6   37.9   37.8   30.2   21.6   12.7    8.9    5.4    3.1    1.4    0.6
80           41.6   43.9   44.8   35.9   25.9   15.2   10.4    6.7    3.6    2.0    0.6
85           48.2   50.8   53.4   45.2   32.5   19.6   13.2    8.9    4.8    2.7    0.5
90           57.0   59.5   63.9   59.1   43.5   25.9   18.4   12.3    6.6    4.0    0.8
95           72.2   76.8   82.4   78.6   63.8   42.1   31.7   22.3   11.9    8.0    1.5
96           75.2   80.3   86.1   84.8   73.3   48.4   38.6   25.3   14.9   10.0    1.9
97           77.4   84.8   92.4   92.9   82.9   52.2   44.4   32.1   15.7   13.3    0.0
98           84.5   89.4   96.7   98.2   92.2   67.4   59.5   44.7   23.5   16.7    0.0
99           88.9  100.0  100.0  100.0  100.0   82.6   71.4   47.4   41.2   26.7    0.0

--- MLB_DEBUT: n above score floor by yip × pctile cut ---
yip            0      1      2      3      4      5      6      7      8      9      10
pctile_cut                                                                             
5            3334   3154   2912   2763   2406   2164   1971   1851   1654   1485   1313
10           3158   2950   2743   2503   2272   2050   1864   1679   1654   1485   1313
15           2982   2786   2619   2383   2152   1933   1761   1589   1431   1485   1313
20           2807   2622   2437   2226   2017   1820   1676   1490   1346   1203   1313
25           2633   2464   2283   2086   1892   1707   1553   1399   1283   1135   1004
30           2456   2301   2136   1950   1766   1592   1449   1323   1169   1049    935
35           2282   2132   1978   1808   1639   1483   1346   1211   1108   1022    881
40           2105   1967   1826   1669   1513   1371   1242   1117   1002    904    818
45           1930   1803   1674   1530   1387   1252   1139   1027    918    835    747
50           1755   1639   1522   1391   1261   1138   1047    931    835    750    675
55           1579   1475   1370   1252   1135   1025    953    838    753    686    594
60           1404   1311   1218   1113   1009    911    828    745    682    600    527
65           1228   1147   1066    974    883    796    725    655    586    527    461
70           1053    984    913    835    757    683    621    563    516    450    396
75            878    820    761    696    631    569    518    466    421    434    330
80            702    656    609    557    505    455    414    373    334    302    313
85            527    492    457    418    379    342    311    280    251    225    201
90            351    328    305    279    253    228    207    187    167    150    132
95            176    164    153    140    127    114    104     94     84     75     66
96            141    132    122    112    101     91     83     75     67     60     53
97            106     99     92     84     76     69     63     56     51     45     40
98             71     66     61     56     51     46     42     38     34     30     27
99             36     33     31     28     26     23     21     19     17     15     14

--- MLB_DEBUT: score floor by yip × pctile cut ---
yip             0       1       2       3       4       5       6       7       8       9       10
pctile_cut                                                                                        
5           +0.006  +0.004  +0.003  +0.003  +0.003  +0.003  +0.002  +0.002  +0.002  +0.002  +0.002
10          +0.007  +0.004  +0.004  +0.004  +0.003  +0.003  +0.002  +0.002  +0.002  +0.002  +0.002
15          +0.009  +0.005  +0.004  +0.004  +0.004  +0.003  +0.002  +0.002  +0.002  +0.002  +0.002
20          +0.012  +0.006  +0.004  +0.005  +0.004  +0.003  +0.002  +0.002  +0.002  +0.002  +0.002
25          +0.014  +0.008  +0.007  +0.006  +0.004  +0.004  +0.002  +0.002  +0.002  +0.002  +0.002
30          +0.017  +0.009  +0.007  +0.007  +0.004  +0.004  +0.002  +0.002  +0.002  +0.002  +0.002
35          +0.023  +0.011  +0.008  +0.007  +0.005  +0.004  +0.002  +0.002  +0.002  +0.002  +0.002
40          +0.028  +0.015  +0.010  +0.008  +0.005  +0.004  +0.003  +0.002  +0.002  +0.002  +0.002
45          +0.036  +0.020  +0.013  +0.010  +0.006  +0.004  +0.003  +0.002  +0.002  +0.002  +0.002
50          +0.046  +0.027  +0.017  +0.011  +0.007  +0.005  +0.003  +0.003  +0.002  +0.002  +0.002
55          +0.054  +0.036  +0.022  +0.013  +0.007  +0.005  +0.003  +0.003  +0.002  +0.002  +0.002
60          +0.069  +0.046  +0.030  +0.016  +0.009  +0.006  +0.003  +0.003  +0.003  +0.002  +0.002
65          +0.092  +0.057  +0.038  +0.020  +0.011  +0.007  +0.004  +0.003  +0.003  +0.003  +0.002
70          +0.120  +0.079  +0.051  +0.030  +0.013  +0.008  +0.005  +0.003  +0.003  +0.003  +0.003
75          +0.158  +0.111  +0.079  +0.043  +0.018  +0.012  +0.006  +0.004  +0.003  +0.003  +0.003
80          +0.207  +0.174  +0.140  +0.073  +0.034  +0.017  +0.008  +0.005  +0.004  +0.003  +0.003
85          +0.271  +0.260  +0.245  +0.138  +0.063  +0.031  +0.014  +0.007  +0.004  +0.004  +0.003
90          +0.359  +0.391  +0.389  +0.308  +0.151  +0.072  +0.031  +0.011  +0.007  +0.005  +0.004
95          +0.526  +0.594  +0.626  +0.561  +0.404  +0.234  +0.091  +0.042  +0.015  +0.009  +0.006
96          +0.570  +0.646  +0.690  +0.630  +0.481  +0.291  +0.169  +0.060  +0.022  +0.011  +0.008
97          +0.627  +0.708  +0.746  +0.711  +0.611  +0.357  +0.225  +0.089  +0.034  +0.014  +0.009
98          +0.685  +0.784  +0.846  +0.832  +0.723  +0.398  +0.306  +0.130  +0.059  +0.027  +0.011
99          +0.754  +0.896  +0.972  +0.973  +0.882  +0.637  +0.415  +0.284  +0.154  +0.061  +0.021

saved results\v20b_censor_2026-06-09\MLB_DEBUT_thresholds_at_p60.csv

--- MLB_DEBUT: per-yip threshold for >=60% precision ---
 yip  threshold  n_above  tp_above  precision   recall  n_total
   0      0.394      315       189      0.600    0.451     3509
   1      0.393      323       194      0.601    0.519     3278
   2      0.339      356       214      0.601    0.652     3044
   3      0.321      271       163      0.601    0.700     2782
   4      0.336      158        95      0.601    0.629     2521
   5      0.391       53        32      0.604    0.400     2275
   6      0.308       41        25      0.610    0.521     2070
   7      0.420       11         7      0.636    0.269     1861
   8        nan        0         0        nan      nan     1670
   9        nan        0         0        nan      nan     1499
  10        nan        0         0        nan      nan     1318

scoring time-to-debut with models/time_to_debut_v1.18_prod.pkl
saved results\v20b_censor_2026-06-09\MLB_DEBUT_time_to_debut.csv

--- MLB_DEBUT: time-to-debut (n=1683 debutee-snaps, 420 players) ---
  overall: MAE=1.26  Spearman=+0.519

  snap_off     n   spearman   MAE  mean_act  mean_pred
         0   420    +0.198  1.55     4.35      3.58
         1   375    +0.385  1.30     3.56      3.02
         2   328    +0.471  1.15     2.82      2.68
         3   233    +0.445  1.10     2.45      2.52
         4   151    +0.472  1.10     2.20      2.46
         5    80    +0.450  1.11     2.24      2.51
         6    48    +0.355  1.02     2.06      2.35
         7    26    +0.345  1.02     1.96      2.22

saved results\v20b_censor_2026-06-09\MLB_DEBUT_per_current_level.csv

--- MLB_DEBUT: performance conditional on current MiLB level ---
 cur_level      n   pos  base%  AU-PR  lift@5  rate@5%  lift@10  rate@10%
      NONE  15743   169   1.07  0.505   13.73    14.74     7.69      8.26
        RK   3771   256   6.79  0.547    8.73    59.26     6.53     44.30
        A-    987   138  13.98  0.543    5.25    73.47     4.19     58.59
         A   1353   251  18.55  0.639    4.84    89.71     3.75     69.63
        A+   1348   261  19.36  0.666    4.63    89.55     4.09     79.26
        AA   1179   330  27.99  0.724    3.51    98.31     3.12     87.29
       AAA   1446   276  19.09  0.707    4.80    91.67     4.08     77.93

saved results\v20b_censor_2026-06-09\MLB_DEBUT_walkforward.csv

--- MLB_DEBUT: walk-forward by snap_offset ---
offset     n  pos  base%  pred%  AU-PR AU-PR_lift  lift@2    ECE
     0  3509  419  11.94  12.24  0.569       4.76    7.06  0.011
     1  3278  374  11.41  11.50  0.633       5.55    7.84  0.007
     2  3044  328  10.78  10.91  0.697       6.47    8.98  0.012
     3  2782  233   8.38   8.71  0.719       8.58   11.73  0.008
     4  2521  151   5.99   6.08  0.665      11.11   15.36  0.010
     5  2275   80   3.52   3.71  0.542      15.42   19.16  0.005
     6  2070   48   2.32   2.30  0.571      24.63   26.30  0.005
     7  1861   26   1.40   1.28  0.490      35.07   32.89  0.003
     8  1670   13   0.78   0.79  0.343      44.05   31.14  0.003
     9  1499    7   0.47   0.50  0.303      64.80   35.69  0.003
    10  1318    2   0.15   0.33  0.014       9.18    0.00  0.002

saved results\v20b_censor_2026-06-09\MLB_DEBUT_top_lookback.csv  (516 top-2% rows)

look-back per yip × slab (top 0-2%):
 snap_offset     slab  n  realized     rate
           0 0.0-0.5% 17        16 0.941176
           0 0.5-1.0% 18        15 0.833333
           0 1.0-1.5% 17        14 0.823529
           0 1.5-2.0% 18        14 0.777778
           1           1         1 1.000000
           1 0.0-0.5% 16        16 1.000000
           1 0.5-1.0% 16        16 1.000000
           1 1.0-1.5% 17        14 0.823529
           1 1.5-2.0% 16        12 0.750000
           2           1         1 1.000000
           2 0.0-0.5% 15        15 1.000000
           2 0.5-1.0% 15        15 1.000000
           2 1.0-1.5% 15        15 1.000000
           2 1.5-2.0% 15        13 0.866667
           3           1         1 1.000000
           3 0.0-0.5% 13        13 1.000000
           3 0.5-1.0% 14        14 1.000000
           3 1.0-1.5% 14        13 0.928571
           3 1.5-2.0% 14        14 1.000000
           4 0.0-0.5% 12        12 1.000000
           4 0.5-1.0% 13        13 1.000000
           4 1.0-1.5% 12        12 1.000000
           4 1.5-2.0% 13         9 0.692308
           5           1         1 1.000000
           5 0.0-0.5% 11        11 1.000000
           5 0.5-1.0% 11         7 0.636364
           5 1.0-1.5% 12         7 0.583333
           5 1.5-2.0% 11         5 0.454545
           6 0.0-0.5% 10        10 1.000000
           6 0.5-1.0% 10         5 0.500000
           6 1.0-1.5% 11         6 0.545455
           6 1.5-2.0% 10         4 0.400000
           7 0.0-0.5%  9         6 0.666667
           7 0.5-1.0%  9         3 0.333333
           7 1.0-1.5%  9         2 0.222222
           7 1.5-2.0% 10         6 0.600000
           8 0.0-0.5%  8         3 0.375000
           8 0.5-1.0%  8         3 0.375000
           8 1.0-1.5%  9         2 0.222222
           8 1.5-2.0%  8         0 0.000000
           9           1         0 0.000000
           9 0.0-0.5%  7         3 0.428571
           9 0.5-1.0%  7         1 0.142857
           9 1.0-1.5%  8         1 0.125000
           9 1.5-2.0%  7         0 0.000000
          10 0.0-0.5%  6         0 0.000000
          10 0.5-1.0%  7         0 0.000000
          10 1.0-1.5%  6         0 0.000000
          10 1.5-2.0%  7         0 0.000000

==============================================================================
EVENT: TOP_100_PROSPECT
==============================================================================
  ranking by lasso_score_TOP_100_PROSPECT (range [+0.00, +0.72])
saved results\v20b_censor_2026-06-09\TOP_100_PROSPECT_pct_slabs.csv

--- realized TOP_100_PROSPECT rate (%) by yip × slab ---
yip             0      1      2      3      4      5
slab                                                
0.0-0.5%     72.2   75.0   86.7   50.0   38.5    9.1
0.5-1.0%     41.2   52.9   40.0   14.3    0.0    0.0
1.0-1.5%     61.1   43.8   43.8   21.4    0.0    0.0
1.5-2.0%     29.4   41.2    6.7    7.1    8.3    0.0
2-3%         37.1   25.0   13.3    7.4    0.0    0.0
3-4%         17.1   18.2    3.2    0.0    0.0    0.0
4-5%         14.3    6.1    3.3    3.6    0.0    0.0
5-10%        13.1    4.3    2.0    0.0    0.0    0.0
10-20%        2.8    1.2    1.3    0.0    0.4    0.0
20-50%        0.3    0.3    0.1    0.1    0.0    0.0
bottom 50%    0.1    0.1    0.0    0.0    0.0    0.0

--- n per cell ---
yip             0      1      2      3      4      5
slab                                                
0.0-0.5%       18     16     15     14     13     11
0.5-1.0%       17     17     15     14     12     12
1.0-1.5%       18     16     16     14     13     11
1.5-2.0%       17     17     15     14     12     12
2-3%           35     32     30     27     26     22
3-4%           35     33     31     28     25     23
4-5%           35     33     30     28     25     23
5-10%         176    164    152    139    126    114
10-20%        351    328    305    278    252    227
20-50%       1052    983    913    835    756    683
bottom 50%   1755   1639   1522   1391   1261   1137

--- score floor per cell ---
yip              0       1       2       3       4       5
slab                                                      
0.0-0.5%    +0.517  +0.571  +0.418  +0.235  +0.175  +0.012
0.5-1.0%    +0.470  +0.406  +0.273  +0.145  +0.074  +0.008
1.0-1.5%    +0.357  +0.292  +0.178  +0.087  +0.023  +0.006
1.5-2.0%    +0.294  +0.219  +0.135  +0.043  +0.018  +0.004
2-3%        +0.213  +0.142  +0.088  +0.024  +0.010  +0.003
3-4%        +0.163  +0.105  +0.050  +0.015  +0.006  +0.003
4-5%        +0.131  +0.073  +0.031  +0.011  +0.004  +0.002
5-10%       +0.049  +0.021  +0.007  +0.003  +0.001  +0.001
10-20%      +0.013  +0.005  +0.002  +0.001  +0.001  +0.001
20-50%      +0.002  +0.001  +0.000  +0.000  +0.000  +0.000
bottom 50%  +0.000  +0.000  +0.000  +0.000  +0.000  +0.000

--- base rate by yip ---
  yip=0: 2.76%
  yip=1: 2.01%
  yip=2: 1.35%
  yip=3: 0.61%
  yip=4: 0.28%
  yip=5: 0.04%

saved results\v20b_censor_2026-06-09\TOP_100_PROSPECT_cum_above_threshold.csv

--- TOP_100_PROSPECT: rate above score floor (%) by yip × pctile cut [cut p = top (100-p)%] ---
yip             0      1      2      3      4      5
pctile_cut                                          
5             2.9    2.1    1.4    0.6    0.3    0.0
10            3.0    2.2    1.5    0.7    0.3    0.0
15            3.3    2.4    1.6    0.7    0.3    0.1
20            3.4    2.5    1.7    0.8    0.3    0.1
25            3.7    2.6    1.8    0.8    0.4    0.1
30            3.9    2.8    1.9    0.9    0.4    0.1
35            4.3    2.9    2.1    0.9    0.4    0.1
40            4.6    3.3    2.2    1.0    0.5    0.1
45            5.0    3.6    2.2    1.1    0.5    0.1
50            5.5    4.0    2.7    1.2    0.6    0.1
55            6.1    4.4    3.0    1.4    0.6    0.1
60            6.8    5.0    3.4    1.4    0.7    0.1
65            7.8    5.7    3.8    1.4    0.7    0.1
70            9.0    6.5    4.5    2.0    0.9    0.1
75           10.7    7.7    5.4    2.4    1.1    0.2
80           13.2    9.5    6.6    2.9    1.4    0.2
85           16.9   12.6    8.5    3.8    1.8    0.3
90           23.6   17.7   11.8    5.7    2.4    0.4
95           34.1   31.1   21.6   11.4    4.7    0.9
96           39.7   37.1   26.2   13.4    5.9    1.1
97           47.2   43.4   33.7   17.9    7.9    1.4
98           50.7   53.0   44.3   23.2   11.8    2.2
99           58.3   63.6   64.5   32.1   19.2    4.3

--- TOP_100_PROSPECT: n above score floor by yip × pctile cut ---
yip             0      1      2      3      4      5
pctile_cut                                          
5            3337   3118   2895   2643   2395   2161
10           3181   2962   2739   2559   2269   2049
15           2983   2790   2587   2368   2144   1936
20           2831   2622   2435   2227   2022   1820
25           2632   2467   2283   2086   1891   1706
30           2456   2294   2155   1947   1765   1592
35           2281   2228   1978   1808   1639   1479
40           2105   1967   1882   1670   1513   1366
45           1934   1803   1882   1530   1387   1252
50           1755   1639   1522   1428   1262   1138
55           1579   1491   1370   1252   1150   1024
60           1404   1311   1218   1202   1009    910
65           1228   1147   1066   1202    976    797
70           1053    984    913    835    783    727
75            878    821    761    696    631    577
80            702    656    609    558    505    455
85            527    492    457    418    379    342
90            351    328    305    279    253    228
95            176    164    153    140    127    114
96            141    132    122    112    101     91
97            106     99     92     84     76     69
98             71     66     61     56     51     46
99             36     33     31     28     26     23

--- TOP_100_PROSPECT: score floor by yip × pctile cut ---
yip              0       1       2       3       4       5
pctile_cut                                                
5           +0.001  +0.000  +0.000  +0.000  +0.000  +0.000
10          +0.001  +0.000  +0.000  +0.000  +0.000  +0.000
15          +0.001  +0.000  +0.000  +0.000  +0.000  +0.000
20          +0.001  +0.000  +0.000  +0.000  +0.000  +0.000
25          +0.001  +0.001  +0.000  +0.000  +0.000  +0.000
30          +0.001  +0.001  +0.000  +0.000  +0.000  +0.000
35          +0.001  +0.001  +0.000  +0.000  +0.000  +0.000
40          +0.002  +0.001  +0.000  +0.000  +0.000  +0.000
45          +0.002  +0.001  +0.000  +0.000  +0.000  +0.000
50          +0.002  +0.001  +0.000  +0.000  +0.000  +0.000
55          +0.003  +0.001  +0.001  +0.000  +0.000  +0.000
60          +0.004  +0.001  +0.001  +0.000  +0.000  +0.000
65          +0.005  +0.002  +0.001  +0.000  +0.000  +0.000
70          +0.007  +0.002  +0.001  +0.001  +0.000  +0.000
75          +0.009  +0.003  +0.001  +0.001  +0.001  +0.000
80          +0.013  +0.005  +0.002  +0.001  +0.001  +0.001
85          +0.024  +0.009  +0.003  +0.001  +0.001  +0.001
90          +0.049  +0.020  +0.007  +0.003  +0.001  +0.001
95          +0.130  +0.072  +0.031  +0.011  +0.004  +0.002
96          +0.163  +0.104  +0.050  +0.015  +0.006  +0.003
97          +0.210  +0.140  +0.086  +0.024  +0.010  +0.003
98          +0.292  +0.216  +0.135  +0.042  +0.017  +0.004
99          +0.469  +0.404  +0.264  +0.142  +0.059  +0.008

saved results\v20b_censor_2026-06-09\TOP_100_PROSPECT_walkforward.csv

--- TOP_100_PROSPECT: walk-forward by snap_offset ---
offset     n  pos  base%  pred%  AU-PR AU-PR_lift  lift@2    ECE
     0  3509   97   2.76   2.39  0.447      16.16   18.60  0.004
     1  3278   66   2.01   1.61  0.522      25.93   26.34  0.004
     2  3044   41   1.35   1.00  0.616      45.73   32.86  0.004
     3  2782   17   0.61   0.50  0.464      75.99   37.99  0.001
     4  2521    7   0.28   0.31  0.425     153.21   43.22  0.002
     5  2275    1   0.04   0.09  0.500    1137.50   49.46  0.001
     6  2070    0   0.00    nan    nan        nan     nan    nan
     7  1861    0   0.00    nan    nan        nan     nan    nan
     8  1670    0   0.00    nan    nan        nan     nan    nan
     9  1499    0   0.00    nan    nan        nan     nan    nan
    10  1318    0   0.00    nan    nan        nan     nan    nan

saved results\v20b_censor_2026-06-09\TOP_100_PROSPECT_top_lookback.csv  (349 top-2% rows)

look-back per yip × slab (top 0-2%):
 snap_offset     slab  n  realized     rate
           0 0.0-0.5% 17        12 0.705882
           0 0.5-1.0% 18         8 0.444444
           0 1.0-1.5% 17        11 0.647059
           0 1.5-2.0% 18         5 0.277778
           1           1         0 0.000000
           1 0.0-0.5% 16        12 0.750000
           1 0.5-1.0% 16         8 0.500000
           1 1.0-1.5% 17         8 0.470588
           1 1.5-2.0% 16         7 0.437500
           2           1         0 0.000000
           2 0.0-0.5% 15        13 0.866667
           2 0.5-1.0% 15         6 0.400000
           2 1.0-1.5% 15         7 0.466667
           2 1.5-2.0% 15         1 0.066667
           3           1         0 0.000000
           3 0.0-0.5% 13         7 0.538462
           3 0.5-1.0% 14         1 0.071429
           3 1.0-1.5% 14         3 0.214286
           3 1.5-2.0% 14         2 0.142857
           4 0.0-0.5% 12         5 0.416667
           4 0.5-1.0% 13         0 0.000000
           4 1.0-1.5% 12         0 0.000000
           4 1.5-2.0% 13         1 0.076923
           5           1         0 0.000000
           5 0.0-0.5% 11         1 0.090909
           5 0.5-1.0% 11         0 0.000000
           5 1.0-1.5% 12         0 0.000000
           5 1.5-2.0% 11         0 0.000000

==============================================================================
EVENT: ESTABLISHED_MLB
==============================================================================
  ranking by lasso_score_ESTABLISHED_MLB (range [+0.00, +0.72])
saved results\v20b_censor_2026-06-09\ESTABLISHED_MLB_pct_slabs.csv

--- realized ESTABLISHED_MLB rate (%) by yip × slab ---
yip             0      1      2      3      4      5      6      7      8
slab                                                                     
0.0-0.5%     61.1   62.5   66.7   71.4   38.5   18.2   20.0    0.0   12.5
0.5-1.0%     29.4   35.3   53.3   42.9   41.7    8.3    9.1   10.0    0.0
1.0-1.5%     55.6   75.0   43.8   42.9   15.4    9.1    0.0    0.0    0.0
1.5-2.0%     35.3   41.2   46.7   28.6   25.0    8.3    0.0    0.0    0.0
2-3%         14.3   21.9   30.0   14.8   11.5    4.5    0.0    0.0    0.0
3-4%         25.7   24.2   16.1   10.7    4.0    8.7    0.0    0.0    0.0
4-5%         28.6   18.2   23.3   10.7    4.0    0.0    0.0    0.0    0.0
5-10%        13.6   11.6    9.9    5.8    0.8    0.9    1.0    0.0    0.0
10-20%        6.8    7.3    3.9    0.7    0.8    0.0    0.0    0.0    0.0
20-50%        2.1    0.7    0.3    0.1    0.0    0.0    0.0    0.0    0.0
bottom 50%    0.1    0.0    0.0    0.0    0.0    0.0    0.0    0.0    0.0

--- n per cell ---
yip             0      1      2      3      4      5      6      7      8
slab                                                                     
0.0-0.5%       18     16     15     14     13     11     10      9      8
0.5-1.0%       17     17     15     14     12     12     11     10      9
1.0-1.5%       18     16     16     14     13     11     10      9      8
1.5-2.0%       17     17     15     14     12     12     10      9      8
2-3%           35     32     30     27     26     22     21     19     17
3-4%           35     33     31     28     25     23     21     18     17
4-5%           35     33     30     28     25     23     21     19     17
5-10%         176    164    152    139    126    114    103     93     83
10-20%        351    328    305    278    252    227    207    186    167
20-50%       1052    983    913    835    756    683    621    558    501
bottom 50%   1755   1639   1522   1391   1261   1137   1035    931    835

--- score floor per cell ---
yip              0       1       2       3       4       5       6       7       8
slab                                                                              
0.0-0.5%    +0.474  +0.583  +0.511  +0.417  +0.322  +0.125  +0.041  +0.030  +0.019
0.5-1.0%    +0.389  +0.463  +0.424  +0.319  +0.251  +0.062  +0.027  +0.017  +0.011
1.0-1.5%    +0.346  +0.391  +0.352  +0.270  +0.164  +0.050  +0.023  +0.015  +0.007
1.5-2.0%    +0.310  +0.346  +0.306  +0.242  +0.115  +0.037  +0.020  +0.011  +0.006
2-3%        +0.255  +0.283  +0.250  +0.173  +0.072  +0.028  +0.017  +0.006  +0.003
3-4%        +0.215  +0.228  +0.201  +0.120  +0.049  +0.022  +0.011  +0.005  +0.003
4-5%        +0.179  +0.185  +0.163  +0.080  +0.039  +0.016  +0.007  +0.004  +0.002
5-10%       +0.088  +0.080  +0.059  +0.028  +0.011  +0.005  +0.003  +0.001  +0.001
10-20%      +0.039  +0.021  +0.012  +0.005  +0.003  +0.002  +0.001  +0.001  +0.001
20-50%      +0.005  +0.003  +0.001  +0.001  +0.001  +0.001  +0.000  +0.000  +0.000
bottom 50%  +0.001  +0.000  +0.000  +0.000  +0.000  +0.000  +0.000  +0.000  +0.000

--- base rate by yip ---
  yip=0: 3.65%
  yip=1: 3.23%
  yip=2: 2.73%
  yip=3: 1.69%
  yip=4: 0.91%
  yip=5: 0.40%
  yip=6: 0.19%
  yip=7: 0.05%
  yip=8: 0.06%

saved results\v20b_censor_2026-06-09\ESTABLISHED_MLB_cum_above_threshold.csv

--- ESTABLISHED_MLB: rate above score floor (%) by yip × pctile cut [cut p = top (100-p)%] ---
yip             0      1      2      3      4      5      6      7      8
pctile_cut                                                               
5             3.8    3.4    2.8    1.8    1.0    0.4    0.2    0.1    0.1
10            4.0    3.6    3.0    1.8    1.0    0.4    0.2    0.1    0.1
15            4.3    3.8    3.0    2.0    1.1    0.5    0.2    0.1    0.1
20            4.6    4.0    3.4    2.0    1.1    0.5    0.2    0.1    0.1
25            4.9    4.3    3.6    2.3    1.2    0.5    0.3    0.1    0.1
30            5.2    4.6    3.9    2.4    1.3    0.6    0.3    0.1    0.1
35            5.6    5.0    4.2    2.5    1.4    0.6    0.3    0.1    0.1
40            6.0    5.4    4.5    2.8    1.5    0.7    0.3    0.1    0.1
45            6.6    5.9    5.0    3.1    1.6    0.7    0.4    0.1    0.1
50            7.2    6.5    5.5    3.4    1.8    0.8    0.4    0.1    0.1
55            7.9    7.2    6.1    3.8    2.0    0.9    0.4    0.1    0.1
60            8.8    7.9    6.8    4.2    2.3    1.0    0.5    0.1    0.1
65            9.8    9.0    7.8    4.7    2.6    1.1    0.5    0.2    0.2
70           11.2   10.4    9.1    5.5    3.0    1.3    0.6    0.2    0.2
75           13.1   12.4   10.8    6.6    3.6    1.6    0.8    0.2    0.2
80           14.8   15.1   13.1    8.3    4.6    2.0    1.0    0.3    0.3
85           18.2   18.1   17.3   11.0    6.1    2.6    1.3    0.4    0.4
90           22.8   22.9   22.3   15.8    8.3    3.9    1.9    0.5    0.6
95           32.4   34.1   34.6   25.7   15.7    7.0    2.9    1.1    1.2
96           32.6   38.6   37.7   29.5   18.8    8.8    3.6    1.3    1.5
97           35.8   42.4   44.6   35.7   23.7    8.7    4.8    1.8    2.0
98           45.1   53.0   52.5   46.4   29.4   10.9    7.1    2.6    2.9
99           47.2   48.5   61.3   57.1   38.5   13.0   14.3    5.3    5.9

--- ESTABLISHED_MLB: n above score floor by yip × pctile cut ---
yip             0      1      2      3      4      5      6      7      8
pctile_cut                                                               
5            3333   3116   2955   2677   2395   2162   2037   1826   1641
10           3161   2985   2789   2567   2269   2047   1879   1826   1641
15           2982   2786   2789   2375   2149   1933   1764   1615   1641
20           2807   2632   2436   2375   2020   1821   1663   1499   1356
25           2632   2458   2289   2087   1891   1706   1552   1396   1264
30           2456   2294   2131   1947   1788   1592   1451   1305   1189
35           2281   2131   1982   1892   1639   1479   1345   1228   1091
40           2105   1967   1827   1669   1515   1376   1247   1121   1035
45           1930   1803   1674   1530   1469   1251   1138   1024    923
50           1755   1639   1522   1391   1261   1142   1035    931    836
55           1579   1475   1370   1252   1135   1033    932    838    753
60           1404   1311   1218   1113   1009    910    843    745    668
65           1228   1147   1066    975    883    796    745    655    586
70           1053    984    913    835    757    683    635    565    505
75            878    820    761    696    631    569    518    472    433
80            702    656    609    557    505    455    414    373    345
85            527    492    457    419    379    342    311    280    251
90            351    328    305    279    253    228    207    187    167
95            176    164    153    140    127    114    104     94     84
96            141    132    122    112    101     91     83     75     67
97            106     99     92     84     76     69     63     56     51
98             71     66     61     56     51     46     42     38     34
99             36     33     31     28     26     23     21     19     17

--- ESTABLISHED_MLB: score floor by yip × pctile cut ---
yip              0       1       2       3       4       5       6       7       8
pctile_cut                                                                        
5           +0.001  +0.001  +0.000  +0.000  +0.000  +0.000  +0.000  +0.000  +0.000
10          +0.001  +0.001  +0.000  +0.000  +0.000  +0.000  +0.000  +0.000  +0.000
15          +0.001  +0.001  +0.000  +0.000  +0.000  +0.000  +0.000  +0.000  +0.000
20          +0.001  +0.001  +0.001  +0.000  +0.000  +0.000  +0.000  +0.000  +0.000
25          +0.002  +0.001  +0.001  +0.001  +0.001  +0.000  +0.000  +0.000  +0.000
30          +0.002  +0.001  +0.001  +0.001  +0.001  +0.001  +0.000  +0.000  +0.000
35          +0.003  +0.001  +0.001  +0.001  +0.001  +0.001  +0.000  +0.000  +0.000
40          +0.003  +0.002  +0.001  +0.001  +0.001  +0.001  +0.000  +0.000  +0.000
45          +0.004  +0.002  +0.001  +0.001  +0.001  +0.001  +0.000  +0.000  +0.000
50          +0.005  +0.003  +0.001  +0.001  +0.001  +0.001  +0.000  +0.000  +0.000
55          +0.007  +0.003  +0.002  +0.001  +0.001  +0.001  +0.000  +0.000  +0.000
60          +0.010  +0.004  +0.002  +0.001  +0.001  +0.001  +0.001  +0.000  +0.000
65          +0.013  +0.006  +0.003  +0.002  +0.001  +0.001  +0.001  +0.001  +0.000
70          +0.017  +0.009  +0.004  +0.002  +0.001  +0.001  +0.001  +0.001  +0.001
75          +0.025  +0.013  +0.007  +0.003  +0.002  +0.001  +0.001  +0.001  +0.001
80          +0.039  +0.021  +0.012  +0.005  +0.002  +0.002  +0.001  +0.001  +0.001
85          +0.056  +0.043  +0.025  +0.011  +0.005  +0.003  +0.001  +0.001  +0.001
90          +0.088  +0.080  +0.058  +0.028  +0.011  +0.005  +0.003  +0.001  +0.001
95          +0.178  +0.183  +0.158  +0.080  +0.038  +0.016  +0.007  +0.004  +0.002
96          +0.213  +0.228  +0.200  +0.119  +0.049  +0.022  +0.011  +0.005  +0.003
97          +0.254  +0.281  +0.250  +0.169  +0.072  +0.028  +0.016  +0.006  +0.003
98          +0.309  +0.343  +0.306  +0.241  +0.113  +0.037  +0.020  +0.010  +0.005
99          +0.386  +0.454  +0.420  +0.318  +0.249  +0.062  +0.026  +0.017  +0.010

saved results\v20b_censor_2026-06-09\ESTABLISHED_MLB_walkforward.csv

--- ESTABLISHED_MLB: walk-forward by snap_offset ---
offset     n  pos  base%  pred%  AU-PR AU-PR_lift  lift@2    ECE
     0  3509  128   3.65   3.30  0.311       8.53   12.53  0.005
     1  3278  106   3.23   3.07  0.402      12.42   16.40  0.008
     2  3044   83   2.73   2.49  0.446      16.36   19.24  0.004
     3  2782   47   1.69   1.63  0.507      29.99   27.48  0.004
     4  2521   23   0.91   0.93  0.362      39.67   32.88  0.001
     5  2275    9   0.40   0.40  0.242      61.25   27.48  0.001
     6  2070    4   0.19   0.21  0.253     130.75   37.87  0.000
     7  1861    1   0.05   0.12  0.083     155.08   50.30  0.001
     8  1670    1   0.06   0.08  1.000    1670.00   50.61  0.000
     9  1499    0   0.00    nan    nan        nan     nan    nan
    10  1318    0   0.00    nan    nan        nan     nan    nan

saved results\v20b_censor_2026-06-09\ESTABLISHED_MLB_top_lookback.csv  (460 top-2% rows)

look-back per yip × slab (top 0-2%):
 snap_offset     slab  n  realized     rate
           0 0.0-0.5% 17        10 0.588235
           0 0.5-1.0% 18         6 0.333333
           0 1.0-1.5% 17        10 0.588235
           0 1.5-2.0% 18         6 0.333333
           1           1         0 0.000000
           1 0.0-0.5% 16        10 0.625000
           1 0.5-1.0% 16         5 0.312500
           1 1.0-1.5% 17        13 0.764706
           1 1.5-2.0% 16         7 0.437500
           2           1         1 1.000000
           2 0.0-0.5% 15        10 0.666667
           2 0.5-1.0% 15         8 0.533333
           2 1.0-1.5% 15         7 0.466667
           2 1.5-2.0% 15         6 0.400000
           3           1         0 0.000000
           3 0.0-0.5% 13         9 0.692308
           3 0.5-1.0% 14         7 0.500000
           3 1.0-1.5% 14         6 0.428571
           3 1.5-2.0% 14         4 0.285714
           4 0.0-0.5% 12         5 0.416667
           4 0.5-1.0% 13         5 0.384615
           4 1.0-1.5% 12         2 0.166667
           4 1.5-2.0% 13         3 0.230769
           5           1         0 0.000000
           5 0.0-0.5% 11         2 0.181818
           5 0.5-1.0% 11         1 0.090909
           5 1.0-1.5% 12         1 0.083333
           5 1.5-2.0% 11         1 0.090909
           6 0.0-0.5% 10         2 0.200000
           6 0.5-1.0% 10         1 0.100000
           6 1.0-1.5% 11         0 0.000000
           6 1.5-2.0% 10         0 0.000000
           7 0.0-0.5%  9         0 0.000000
           7 0.5-1.0%  9         1 0.111111
           7 1.0-1.5%  9         0 0.000000
           7 1.5-2.0% 10         0 0.000000
           8 0.0-0.5%  8         1 0.125000
           8 0.5-1.0%  8         0 0.000000
           8 1.0-1.5%  9         0 0.000000
           8 1.5-2.0%  8         0 0.000000

==============================================================================
EVENT: STAR_PLUS_ELITE
==============================================================================
  ranking by lasso_score_STAR_PLUS_ELITE (range [+0.00, +0.39])
saved results\v20b_censor_2026-06-09\STAR_PLUS_ELITE_pct_slabs.csv

--- realized STAR_PLUS_ELITE rate (%) by yip × slab ---
yip             0      1      2      3      4      5      6      7      8
slab                                                                     
0.0-0.5%     27.8   37.5   40.0   42.9   15.4    0.0    0.0    0.0   12.5
0.5-1.0%     17.6   23.5   13.3   14.3    8.3    0.0    0.0    0.0    0.0
1.0-1.5%     22.2   43.8   31.2    7.1    0.0    0.0    0.0    0.0    0.0
1.5-2.0%     11.8    0.0    6.7    7.1    0.0    0.0    0.0   11.1    0.0
2-3%          5.7   12.5   10.0    0.0    3.8    0.0    0.0    0.0    0.0
3-4%          5.7    6.1    3.2    0.0    0.0    0.0    0.0    0.0    0.0
4-5%         11.4    6.1    0.0    0.0    4.0    0.0    0.0    0.0    0.0
5-10%         3.4    1.2    1.3    0.7    0.0    0.0    1.0    0.0    0.0
10-20%        1.1    0.9    0.3    0.4    0.0    0.4    0.0    0.0    0.0
20-50%        0.5    0.1    0.1    0.0    0.0    0.0    0.0    0.0    0.0
bottom 50%    0.0    0.0    0.0    0.0    0.0    0.0    0.0    0.0    0.0

--- n per cell ---
yip             0      1      2      3      4      5      6      7      8
slab                                                                     
0.0-0.5%       18     16     15     14     13     11     10      9      8
0.5-1.0%       17     17     15     14     12     12     11     10      9
1.0-1.5%       18     16     16     14     13     11     10      9      8
1.5-2.0%       17     17     15     14     12     12     10      9      8
2-3%           35     32     30     27     26     22     21     19     17
3-4%           35     33     31     28     25     23     21     18     17
4-5%           35     33     30     28     25     23     21     19     17
5-10%         176    164    152    139    126    114    103     93     83
10-20%        351    328    305    278    252    227    207    186    167
20-50%       1052    983    913    835    756    683    621    558    501
bottom 50%   1755   1639   1522   1391   1261   1137   1035    931    835

--- score floor per cell ---
yip              0       1       2       3       4       5       6       7       8
slab                                                                              
0.0-0.5%    +0.184  +0.216  +0.149  +0.084  +0.053  +0.017  +0.008  +0.005  +0.004
0.5-1.0%    +0.141  +0.142  +0.102  +0.054  +0.041  +0.011  +0.005  +0.003  +0.002
1.0-1.5%    +0.111  +0.122  +0.075  +0.042  +0.023  +0.007  +0.004  +0.002  +0.002
1.5-2.0%    +0.099  +0.088  +0.055  +0.033  +0.017  +0.006  +0.003  +0.002  +0.002
2-3%        +0.075  +0.067  +0.045  +0.025  +0.009  +0.005  +0.002  +0.002  +0.001
3-4%        +0.063  +0.052  +0.035  +0.019  +0.006  +0.003  +0.002  +0.002  +0.001
4-5%        +0.048  +0.042  +0.029  +0.013  +0.005  +0.003  +0.002  +0.001  +0.001
5-10%       +0.014  +0.013  +0.008  +0.004  +0.002  +0.002  +0.001  +0.001  +0.001
10-20%      +0.005  +0.004  +0.003  +0.002  +0.001  +0.001  +0.001  +0.001  +0.000
20-50%      +0.002  +0.001  +0.000  +0.000  +0.000  +0.000  +0.000  +0.000  +0.000
bottom 50%  +0.000  +0.000  +0.000  +0.000  +0.000  +0.000  +0.000  +0.000  +0.000

--- base rate by yip ---
  yip=0: 1.05%
  yip=1: 0.95%
  yip=2: 0.72%
  yip=3: 0.43%
  yip=4: 0.20%
  yip=5: 0.04%
  yip=6: 0.05%
  yip=7: 0.05%
  yip=8: 0.06%

saved results\v20b_censor_2026-06-09\STAR_PLUS_ELITE_cum_above_threshold.csv

--- STAR_PLUS_ELITE: rate above score floor (%) by yip × pctile cut [cut p = top (100-p)%] ---
yip             0      1      2      3      4      5      6      7      8
pctile_cut                                                               
5             1.1    1.0    0.8    0.4    0.2    0.0    0.1    0.1    0.1
10            1.2    1.1    0.8    0.5    0.2    0.0    0.1    0.1    0.1
15            1.2    1.1    0.8    0.5    0.2    0.1    0.1    0.1    0.1
20            1.3    1.2    0.9    0.5    0.2    0.1    0.1    0.1    0.1
25            1.4    1.3    0.9    0.6    0.3    0.1    0.1    0.1    0.1
30            1.5    1.3    1.0    0.6    0.3    0.1    0.1    0.1    0.1
35            1.6    1.5    1.1    0.6    0.3    0.1    0.1    0.1    0.1
40            1.8    1.6    1.2    0.6    0.3    0.1    0.1    0.1    0.1
45            1.9    1.7    1.3    0.8    0.4    0.1    0.1    0.1    0.1
50            2.1    1.8    1.4    0.9    0.4    0.1    0.1    0.1    0.1
55            2.3    2.1    1.6    1.0    0.4    0.1    0.1    0.1    0.1
60            2.6    2.4    1.8    1.1    0.5    0.1    0.1    0.1    0.1
65            2.9    2.7    2.1    1.2    0.6    0.1    0.1    0.2    0.2
70            3.3    3.2    2.3    1.4    0.7    0.1    0.2    0.2    0.2
75            3.6    3.7    2.8    1.7    0.8    0.2    0.2    0.2    0.2
80            4.6    4.6    3.4    2.2    1.0    0.2    0.2    0.3    0.3
85            5.9    5.7    4.6    2.9    1.3    0.0    0.3    0.4    0.4
90            8.0    8.2    6.6    3.9    2.0    0.0    0.5    0.5    0.6
95           12.5   15.2   11.8    7.1    3.9    0.0    0.0    1.1    1.2
96           12.8   17.4   14.8    8.9    4.0    0.0    0.0    1.3    1.5
97           15.1   21.2   18.5   11.9    5.3    0.0    0.0    1.8    2.0
98           21.1   25.8   23.0   17.9    5.9    0.0    0.0    2.6    2.9
99           22.2   30.3   25.8   28.6   11.5    0.0    0.0    0.0    5.6

--- STAR_PLUS_ELITE: n above score floor by yip × pctile cut ---
yip             0      1      2      3      4      5      6      7      8
pctile_cut                                                               
5            3339   3115   2894   2675   2396   2164   1975   1793   1592
10           3211   2952   2740   2513   2275   2047   1927   1678   1504
15           2983   2788   2630   2366   2144   1933   1765   1602   1489
20           2901   2654   2495   2261   2022   1821   1656   1490   1489
25           2633   2465   2495   2092   1891   1725   1557   1459   1489
30           2456   2300   2134   2050   1765   1595   1507   1459   1489
35           2281   2131   1978   1876   1697   1480   1345   1459   1489
40           2107   1967   1826   1876   1513   1443   1242   1117   1014
45           1930   1803   1674   1530   1387   1251   1212   1030    935
50           1755   1676   1522   1391   1331   1138   1039    934    835
55           1588   1479   1370   1252   1135   1045    960    863    768
60           1405   1311   1218   1114   1009    910    829    746    706
65           1228   1147   1066    974    883    796    737    658    637
70           1053    984    914    835    757    683    627    559    502
75            878    820    761    696    631    571    518    466    418
80            702    656    609    557    505    455    414    374    334
85            527    492    457    418    379    343    313    280    254
90            351    328    305    279    253    228    207    187    168
95            176    164    153    140    127    114    104     94     84
96            141    132    122    112    101     91     83     75     67
97            106     99     92     84     76     69     63     56     51
98             71     66     61     56     51     46     42     38     35
99             36     33     31     28     26     23     21     19     18

--- STAR_PLUS_ELITE: score floor by yip × pctile cut ---
yip              0       1       2       3       4       5       6       7       8
pctile_cut                                                                        
5           +0.000  +0.000  +0.000  +0.000  +0.000  +0.000  +0.000  +0.000  +0.000
10          +0.001  +0.000  +0.000  +0.000  +0.000  +0.000  +0.000  +0.000  +0.000
15          +0.001  +0.000  +0.000  +0.000  +0.000  +0.000  +0.000  +0.000  +0.000
20          +0.001  +0.000  +0.000  +0.000  +0.000  +0.000  +0.000  +0.000  +0.000
25          +0.001  +0.000  +0.000  +0.000  +0.000  +0.000  +0.000  +0.000  +0.000
30          +0.001  +0.000  +0.000  +0.000  +0.000  +0.000  +0.000  +0.000  +0.000
35          +0.001  +0.000  +0.000  +0.000  +0.000  +0.000  +0.000  +0.000  +0.000
40          +0.001  +0.001  +0.000  +0.000  +0.000  +0.000  +0.000  +0.000  +0.000
45          +0.002  +0.001  +0.000  +0.000  +0.000  +0.000  +0.000  +0.000  +0.000
50          +0.002  +0.001  +0.000  +0.000  +0.000  +0.000  +0.000  +0.000  +0.000
55          +0.002  +0.001  +0.001  +0.000  +0.000  +0.000  +0.000  +0.000  +0.000
60          +0.003  +0.001  +0.001  +0.000  +0.000  +0.000  +0.000  +0.000  +0.000
65          +0.003  +0.002  +0.001  +0.001  +0.000  +0.000  +0.000  +0.000  +0.000
70          +0.003  +0.002  +0.001  +0.001  +0.000  +0.000  +0.000  +0.000  +0.000
75          +0.004  +0.003  +0.002  +0.001  +0.001  +0.001  +0.000  +0.000  +0.000
80          +0.005  +0.004  +0.003  +0.002  +0.001  +0.001  +0.001  +0.001  +0.000
85          +0.007  +0.006  +0.004  +0.002  +0.001  +0.001  +0.001  +0.001  +0.001
90          +0.014  +0.013  +0.008  +0.004  +0.002  +0.002  +0.001  +0.001  +0.001
95          +0.048  +0.042  +0.029  +0.013  +0.005  +0.003  +0.002  +0.001  +0.001
96          +0.062  +0.052  +0.035  +0.019  +0.006  +0.003  +0.002  +0.002  +0.001
97          +0.074  +0.067  +0.043  +0.024  +0.009  +0.005  +0.002  +0.002  +0.001
98          +0.098  +0.088  +0.054  +0.033  +0.017  +0.006  +0.003  +0.002  +0.002
99          +0.140  +0.139  +0.101  +0.051  +0.040  +0.011  +0.004  +0.003  +0.002

saved results\v20b_censor_2026-06-09\STAR_PLUS_ELITE_walkforward.csv

--- STAR_PLUS_ELITE: walk-forward by snap_offset ---
offset     n  pos  base%  pred%  AU-PR AU-PR_lift  lift@2    ECE
     0  3509   37   1.05   0.86  0.186      17.61   18.97  0.002
     1  3278   31   0.95   0.80  0.335      35.40   27.24  0.003
     2  3044   22   0.72   0.53  0.345      47.74   31.76  0.002
     3  2782   12   0.43   0.30  0.453     105.11   41.40  0.001
     4  2521    5   0.20   0.17  0.220     110.99   30.25  0.000
     5  2275    1   0.04   0.08  0.002       5.63    0.00  0.000
     6  2070    1   0.05   0.05  0.008      17.39    0.00  0.000
     7  1861    1   0.05   0.04  0.032      60.03   50.30  0.000
     8  1670    1   0.06   0.04  0.143     238.57   50.61  0.000
     9  1499    0   0.00    nan    nan        nan     nan    nan
    10  1318    0   0.00    nan    nan        nan     nan    nan

saved results\v20b_censor_2026-06-09\STAR_PLUS_ELITE_top_lookback.csv  (460 top-2% rows)

look-back per yip × slab (top 0-2%):
 snap_offset     slab  n  realized     rate
           0 0.0-0.5% 17         5 0.294118
           0 0.5-1.0% 18         3 0.166667
           0 1.0-1.5% 17         4 0.235294
           0 1.5-2.0% 18         2 0.111111
           1           1         0 0.000000
           1 0.0-0.5% 16         6 0.375000
           1 0.5-1.0% 16         4 0.250000
           1 1.0-1.5% 17         7 0.411765
           1 1.5-2.0% 16         0 0.000000
           2           1         0 0.000000
           2 0.0-0.5% 15         6 0.400000
           2 0.5-1.0% 15         2 0.133333
           2 1.0-1.5% 15         5 0.333333
           2 1.5-2.0% 15         1 0.066667
           3           1         0 0.000000
           3 0.0-0.5% 13         5 0.384615
           3 0.5-1.0% 14         3 0.214286
           3 1.0-1.5% 14         1 0.071429
           3 1.5-2.0% 14         1 0.071429
           4 0.0-0.5% 12         2 0.166667
           4 0.5-1.0% 13         1 0.076923
           4 1.0-1.5% 12         0 0.000000
           4 1.5-2.0% 13         0 0.000000
           5           1         0 0.000000
           5 0.0-0.5% 11         0 0.000000
           5 0.5-1.0% 11         0 0.000000
           5 1.0-1.5% 12         0 0.000000
           5 1.5-2.0% 11         0 0.000000
           6 0.0-0.5% 10         0 0.000000
           6 0.5-1.0% 10         0 0.000000
           6 1.0-1.5% 11         0 0.000000
           6 1.5-2.0% 10         0 0.000000
           7 0.0-0.5%  9         0 0.000000
           7 0.5-1.0%  9         0 0.000000
           7 1.0-1.5%  9         0 0.000000
           7 1.5-2.0% 10         1 0.100000
           8 0.0-0.5%  8         1 0.125000
           8 0.5-1.0%  8         0 0.000000
           8 1.0-1.5%  9         0 0.000000
           8 1.5-2.0%  8         0 0.000000
