validate_full.py  prefix=v20b_clean  out_dir=results\v20b_clean_2026-06-09
  long=results/training/v2.0b_oof_val_long.csv
  lasso=None
  lasso_bundle=None
  model_b=None
  db=prospects_snapshot.db
  date=2026-06-09

scored val (joint XGBoost): 33,850 rows, 3,514 players
  xgb events: ['TOP_100_PROSPECT', 'MLB_DEBUT', 'ESTABLISHED_MLB', 'STAR_PLUS_ELITE']

==============================================================================
EVENT: MLB_DEBUT
==============================================================================
  ranking by lasso_score_MLB_DEBUT (range [+0.00, +0.99])
saved results\v20b_clean_2026-06-09\MLB_DEBUT_pct_slabs.csv

--- realized MLB_DEBUT rate (%) by yip × slab ---
yip            0      1      2      3      4      5      6      7      8      9      10
slab                                                                                   
0.0-0.5%     88.9  100.0  100.0  100.0  100.0   81.2   75.0   60.0   35.7   30.8    0.0
0.5-1.0%     82.4  100.0  100.0  100.0   93.8   56.2   33.3    7.1    7.7    7.7    0.0
1.0-1.5%     88.9   82.4  100.0   94.1   82.4   50.0   31.2   33.3   14.3    0.0    0.0
1.5-2.0%     94.1   76.5   82.4   87.5   62.5   20.0   18.8    6.7    0.0    0.0    0.0
2-3%         60.0   74.3   80.0   79.4   43.8   21.9    6.5   13.8    0.0    0.0    0.0
3-4%         58.3   60.0   61.8   45.5   30.3   12.5   16.1    6.9    3.7    4.0    0.0
4-5%         60.0   64.7   41.2   51.5   21.9   16.1    9.4    0.0    3.7    0.0    4.2
5-10%        42.9   43.1   44.4   25.3   11.7    8.8    1.9    0.7    0.0    0.0    0.0
10-20%       26.4   23.3   19.9   11.4    7.4    1.9    1.6    0.7    0.7    0.0    0.0
20-50%        9.8    6.9    4.4    2.5    1.7    0.9    0.4    0.1    0.1    0.1    0.1
bottom 50%    1.3    0.9    0.6    0.4    0.3    0.1    0.1    0.0    0.0    0.0    0.0

--- n per cell ---
yip            0      1      2      3      4      5      6      7      8      9      10
slab                                                                                   
0.0-0.5%       18     17     17     17     16     16     16     15     14     13     12
0.5-1.0%       17     18     17     16     16     16     15     14     13     13     12
1.0-1.5%       18     17     17     17     17     16     16     15     14     12     12
1.5-2.0%       17     17     17     16     16     15     16     15     14     13     11
2-3%           35     35     35     34     32     32     31     29     27     26     24
3-4%           36     35     34     33     33     32     31     29     27     25     24
4-5%           35     34     34     33     32     31     32     29     27     26     24
5-10%         175    174    171    166    162    159    156    147    137    128    118
10-20%        352    347    342    333    324    317    314    292    273    255    237
20-50%       1054   1040   1026    997    972    951    939    878    818    767    712
bottom 50%   1757   1734   1709   1662   1621   1585   1567   1463   1364   1277   1186

--- score floor per cell ---
yip             0       1       2       3       4       5       6       7       8       9       10
slab                                                                                              
0.0-0.5%    +0.859  +0.981  +0.986  +0.984  +0.975  +0.708  +0.437  +0.266  +0.130  +0.061  +0.026
0.5-1.0%    +0.807  +0.918  +0.972  +0.958  +0.843  +0.476  +0.334  +0.158  +0.074  +0.030  +0.015
1.0-1.5%    +0.771  +0.849  +0.894  +0.849  +0.736  +0.395  +0.232  +0.107  +0.044  +0.019  +0.008
1.5-2.0%    +0.712  +0.792  +0.827  +0.785  +0.644  +0.353  +0.179  +0.081  +0.033  +0.014  +0.006
2-3%        +0.650  +0.711  +0.730  +0.656  +0.479  +0.252  +0.117  +0.050  +0.018  +0.007  +0.004
3-4%        +0.583  +0.650  +0.659  +0.585  +0.370  +0.186  +0.075  +0.033  +0.012  +0.005  +0.003
4-5%        +0.529  +0.591  +0.587  +0.489  +0.305  +0.135  +0.049  +0.022  +0.009  +0.004  +0.002
5-10%       +0.355  +0.364  +0.335  +0.218  +0.101  +0.046  +0.015  +0.006  +0.003  +0.002  +0.001
10-20%      +0.201  +0.158  +0.109  +0.052  +0.024  +0.011  +0.004  +0.002  +0.001  +0.001  +0.001
20-50%      +0.046  +0.026  +0.015  +0.009  +0.004  +0.002  +0.001  +0.001  +0.000  +0.000  +0.000
bottom 50%  +0.002  +0.001  +0.001  +0.001  +0.001  +0.000  +0.000  +0.000  +0.000  +0.000  +0.000

--- base rate by yip ---
  yip=0: 11.92%
  yip=1: 10.78%
  yip=2: 9.59%
  yip=3: 7.01%
  yip=4: 4.66%
  yip=5: 2.52%
  yip=6: 1.53%
  yip=7: 0.89%
  yip=8: 0.48%
  yip=9: 0.27%
  yip=10: 0.08%

saved results\v20b_clean_2026-06-09\MLB_DEBUT_cum_above_threshold.csv

--- MLB_DEBUT: rate above score floor (%) by yip × pctile cut [cut p = top (100-p)%] ---
yip            0      1      2      3      4      5      6      7      8      9      10
pctile_cut                                                                             
5            12.6   11.4   10.1    7.4    4.9    2.7    1.6    0.9    0.5    0.3    0.1
10           13.2   11.9   10.6    7.8    5.1    2.8    1.7    1.0    0.5    0.3    0.1
15           13.9   12.6   11.3    8.2    5.4    3.0    1.8    1.0    0.6    0.3    0.1
20           14.8   13.4   11.9    8.7    5.8    3.1    1.9    1.1    0.6    0.3    0.1
25           15.7   14.3   12.7    9.3    6.2    3.3    2.0    1.2    0.6    0.4    0.1
30           16.8   15.2   13.5    9.9    6.6    3.5    2.2    1.3    0.7    0.4    0.1
35           17.8   16.2   14.5   10.7    7.0    3.8    2.3    1.4    0.7    0.4    0.1
40           19.1   17.5   15.6   11.4    7.6    4.1    2.6    1.5    0.8    0.5    0.1
45           20.7   19.0   16.9   12.5    8.2    4.5    2.8    1.6    0.9    0.5    0.2
50           22.5   20.7   18.5   13.7    9.0    4.9    3.0    1.8    1.0    0.5    0.2
55           24.5   22.8   20.6   15.1   10.0    5.5    3.3    2.0    1.1    0.6    0.2
60           26.9   25.6   23.0   16.8   11.1    6.2    3.8    2.2    1.2    0.7    0.1
65           29.8   28.3   25.6   18.9   12.6    6.9    4.3    2.5    1.3    0.8    0.1
70           33.3   31.5   29.1   21.6   14.6    8.0    4.9    3.0    1.6    0.9    0.1
75           37.2   36.4   34.0   25.3   16.8    9.3    5.7    3.6    1.9    1.1    0.2
80           41.7   41.4   39.8   30.4   19.9   10.9    6.9    4.3    2.2    1.2    0.2
85           48.0   49.5   49.3   37.5   25.1   14.3    8.5    5.5    2.7    1.6    0.3
90           57.1   59.4   59.6   49.5   32.3   19.9   12.1    7.8    3.7    2.3    0.4
95           71.0   75.9   74.9   73.1   52.8   30.8   22.3   15.0    7.3    4.7    0.8
96           73.8   78.4   83.2   78.9   60.8   34.6   25.4   18.6    8.2    5.8    0.0
97           79.2   84.8   90.3   90.0   71.4   41.7   28.7   22.7    9.8    6.5    0.0
98           87.3   90.0   94.2   95.5   84.6   51.6   39.7   27.1   14.5    9.6    0.0
99           86.5  100.0  100.0  100.0   97.0   68.8   53.1   36.7   21.4   19.2    0.0

--- MLB_DEBUT: n above score floor by yip × pctile cut ---
yip            0      1      2      3      4      5      6      7      8      9      10
pctile_cut                                                                             
5            3338   3294   3248   3157   3079   3011   2976   2779   2591   2427   2253
10           3162   3121   3077   2991   2917   2853   2819   2633   2455   2299   2134
15           2987   2947   2906   2825   2754   2694   2663   2487   2318   2171   2018
20           2811   2774   2735   2659   2593   2536   2506   2341   2182   2044   1897
25           2635   2601   2564   2493   2431   2377   2350   2194   2046   1916   1779
30           2460   2427   2393   2327   2270   2219   2193   2048   1909   1788   1660
35           2284   2254   2222   2160   2107   2060   2045   1902   1773   1661   1542
40           2108   2081   2051   1995   1945   1902   1880   1756   1637   1533   1423
45           1933   1907   1880   1828   1783   1743   1725   1609   1500   1405   1305
50           1757   1734   1710   1662   1621   1585   1567   1463   1368   1278   1186
55           1581   1561   1539   1496   1459   1427   1410   1317   1228   1150   1068
60           1406   1387   1368   1330   1296   1268   1253   1170   1091   1022    949
65           1230   1214   1197   1164   1135   1110   1097   1024    964    894    833
70           1054   1041   1026    997    973    951    940    878    819    771    713
75            879    867    855    831    811    793    784    732    682    639    593
80            703    694    684    665    649    634    627    586    546    511    475
85            527    521    513    499    487    476    470    439    410    384    356
90            352    347    342    333    325    317    314    293    273    256    239
95            176    174    171    167    163    159    157    147    137    128    119
96            141    139    137    133    130    127    126    118    110    103     95
97            106    105    103    100     98     96     94     88     82     77     72
98             71     70     69     67     65     64     63     59     55     52     48
99             37     35     35     34     33     32     32     30     28     26     24

--- MLB_DEBUT: score floor by yip × pctile cut ---
yip             0       1       2       3       4       5       6       7       8       9       10
pctile_cut                                                                                        
5           +0.003  +0.002  +0.001  +0.001  +0.001  +0.001  +0.000  +0.000  +0.000  +0.000  +0.000
10          +0.005  +0.003  +0.002  +0.002  +0.002  +0.001  +0.000  +0.000  +0.000  +0.000  +0.000
15          +0.007  +0.004  +0.003  +0.003  +0.002  +0.001  +0.000  +0.000  +0.000  +0.000  +0.000
20          +0.009  +0.005  +0.003  +0.003  +0.002  +0.001  +0.001  +0.000  +0.000  +0.000  +0.000
25          +0.012  +0.006  +0.004  +0.004  +0.002  +0.001  +0.001  +0.000  +0.000  +0.000  +0.000
30          +0.015  +0.007  +0.005  +0.004  +0.003  +0.001  +0.001  +0.000  +0.000  +0.000  +0.000
35          +0.018  +0.011  +0.006  +0.005  +0.003  +0.001  +0.001  +0.000  +0.000  +0.000  +0.000
40          +0.023  +0.013  +0.007  +0.005  +0.003  +0.002  +0.001  +0.001  +0.000  +0.000  +0.000
45          +0.034  +0.019  +0.011  +0.007  +0.004  +0.002  +0.001  +0.001  +0.000  +0.000  +0.000
50          +0.046  +0.026  +0.015  +0.009  +0.004  +0.002  +0.001  +0.001  +0.000  +0.000  +0.000
55          +0.057  +0.034  +0.020  +0.011  +0.005  +0.003  +0.001  +0.001  +0.001  +0.000  +0.000
60          +0.072  +0.043  +0.025  +0.014  +0.006  +0.003  +0.001  +0.001  +0.001  +0.000  +0.000
65          +0.091  +0.054  +0.032  +0.018  +0.008  +0.004  +0.002  +0.001  +0.001  +0.001  +0.001
70          +0.115  +0.075  +0.043  +0.022  +0.011  +0.005  +0.002  +0.001  +0.001  +0.001  +0.001
75          +0.155  +0.105  +0.063  +0.033  +0.015  +0.007  +0.003  +0.001  +0.001  +0.001  +0.001
80          +0.201  +0.158  +0.108  +0.052  +0.024  +0.011  +0.004  +0.002  +0.001  +0.001  +0.001
85          +0.262  +0.230  +0.185  +0.111  +0.043  +0.021  +0.007  +0.003  +0.002  +0.001  +0.001
90          +0.354  +0.362  +0.333  +0.216  +0.101  +0.046  +0.015  +0.006  +0.003  +0.002  +0.001
95          +0.528  +0.590  +0.586  +0.485  +0.302  +0.133  +0.049  +0.021  +0.008  +0.004  +0.002
96          +0.581  +0.645  +0.655  +0.576  +0.369  +0.182  +0.073  +0.032  +0.012  +0.005  +0.003
97          +0.650  +0.709  +0.729  +0.654  +0.477  +0.251  +0.116  +0.049  +0.018  +0.006  +0.004
98          +0.708  +0.790  +0.827  +0.781  +0.641  +0.352  +0.179  +0.081  +0.033  +0.013  +0.006
99          +0.807  +0.917  +0.965  +0.952  +0.815  +0.474  +0.311  +0.143  +0.071  +0.030  +0.015

saved results\v20b_clean_2026-06-09\MLB_DEBUT_thresholds_at_p60.csv

--- MLB_DEBUT: per-yip threshold for >=60% precision ---
 yip  threshold  n_above  tp_above  precision   recall  n_total
   0      0.393      308       185      0.601    0.442     3514
   1      0.368      343       206      0.601    0.551     3468
   2      0.337      340       204      0.600    0.622     3419
   3      0.322      251       151      0.602    0.648     3324
   4      0.369      131        79      0.603    0.523     3241
   5      0.392       51        31      0.608    0.388     3170
   6      0.347       28        17      0.607    0.354     3133
   7      0.266       15         9      0.600    0.346     2926
   8        nan        0         0        nan      nan     2728
   9        nan        0         0        nan      nan     2555
  10        nan        0         0        nan      nan     2372

scoring time-to-debut with models/time_to_debut_v1.18_prod.pkl
saved results\v20b_clean_2026-06-09\MLB_DEBUT_time_to_debut.csv

--- MLB_DEBUT: time-to-debut (n=1689 debutee-snaps, 420 players) ---
  overall: MAE=1.26  Spearman=+0.519

  snap_off     n   spearman   MAE  mean_act  mean_pred
         0   420    +0.198  1.55     4.35      3.58
         1   375    +0.385  1.30     3.56      3.02
         2   329    +0.472  1.16     2.83      2.68
         3   234    +0.443  1.11     2.47      2.52
         4   152    +0.469  1.10     2.21      2.46
         5    81    +0.441  1.11     2.25      2.50
         6    49    +0.345  1.01     2.06      2.35
         7    27    +0.373  1.01     1.93      2.20

saved results\v20b_clean_2026-06-09\MLB_DEBUT_per_current_level.csv

--- MLB_DEBUT: performance conditional on current MiLB level ---
 cur_level      n   pos  base%  AU-PR  lift@5  rate@5%  lift@10  rate@10%
      NONE  22898   169   0.74  0.402   14.08    10.39     7.63      5.63
        RK   3927   256   6.52  0.547    8.92    58.16     6.40     41.73
        A-    987   138  13.98  0.543    4.96    69.39     4.19     58.59
         A   1503   251  16.70  0.641    5.19    86.67     4.07     68.00
        A+   1508   261  17.31  0.651    5.08    88.00     4.44     76.82
        AA   1383   330  23.86  0.710    4.13    98.55     3.46     82.61
       AAA   1644   276  16.79  0.672    5.16    86.59     4.43     74.39

saved results\v20b_clean_2026-06-09\MLB_DEBUT_walkforward.csv

--- MLB_DEBUT: walk-forward by snap_offset ---
offset     n  pos  base%  pred%  AU-PR AU-PR_lift  lift@2    ECE
     0  3514  419  11.92  12.10  0.563       4.72    7.43  0.006
     1  3468  374  10.78  10.95  0.631       5.85    8.33  0.007
     2  3419  328   9.59   9.67  0.682       7.11    9.96  0.010
     3  3324  233   7.01   7.37  0.689       9.83   13.62  0.009
     4  3241  151   4.66   4.80  0.609      13.06   18.16  0.012
     5  3170   80   2.52   2.59  0.485      19.20   20.76  0.005
     6  3133   48   1.53   1.36  0.483      31.55   25.90  0.004
     7  2926   26   0.89   0.70  0.420      47.25   30.52  0.004
     8  2728   13   0.48   0.37  0.354      74.35   30.52  0.002
     9  2555    7   0.27   0.20  0.423     154.53   35.78  0.001
    10  2372    2   0.08   0.12  0.005       6.49    0.00  0.000

saved results\v20b_clean_2026-06-09\MLB_DEBUT_top_lookback.csv  (676 top-2% rows)

look-back per yip × slab (top 0-2%):
 snap_offset     slab  n  realized     rate
           0 0.0-0.5% 17        15 0.882353
           0 0.5-1.0% 18        15 0.833333
           0 1.0-1.5% 17        15 0.882353
           0 1.5-2.0% 18        17 0.944444
           1 0.0-0.5% 17        17 1.000000
           1 0.5-1.0% 17        17 1.000000
           1 1.0-1.5% 18        15 0.833333
           1 1.5-2.0% 17        13 0.764706
           2 0.0-0.5% 17        17 1.000000
           2 0.5-1.0% 17        17 1.000000
           2 1.0-1.5% 17        17 1.000000
           2 1.5-2.0% 17        14 0.823529
           3 0.0-0.5% 16        16 1.000000
           3 0.5-1.0% 17        17 1.000000
           3 1.0-1.5% 16        15 0.937500
           3 1.5-2.0% 17        15 0.882353
           4           1         1 1.000000
           4 0.0-0.5% 16        16 1.000000
           4 0.5-1.0% 16        15 0.937500
           4 1.0-1.5% 16        13 0.812500
           4 1.5-2.0% 16        10 0.625000
           5 0.0-0.5% 15        13 0.866667
           5 0.5-1.0% 16         9 0.562500
           5 1.0-1.5% 16         8 0.500000
           5 1.5-2.0% 16         3 0.187500
           6           1         0 0.000000
           6 0.0-0.5% 15        11 0.733333
           6 0.5-1.0% 16         6 0.375000
           6 1.0-1.5% 15         5 0.333333
           6 1.5-2.0% 16         3 0.187500
           7           1         1 1.000000
           7 0.0-0.5% 14         9 0.642857
           7 0.5-1.0% 15         1 0.066667
           7 1.0-1.5% 14         4 0.285714
           7 1.5-2.0% 15         1 0.066667
           8           1         0 0.000000
           8 0.0-0.5% 13         5 0.384615
           8 0.5-1.0% 14         1 0.071429
           8 1.0-1.5% 13         2 0.153846
           8 1.5-2.0% 14         0 0.000000
           9 0.0-0.5% 12         4 0.333333
           9 0.5-1.0% 13         1 0.076923
           9 1.0-1.5% 13         0 0.000000
           9 1.5-2.0% 13         0 0.000000
          10 0.0-0.5% 11         0 0.000000
          10 0.5-1.0% 12         0 0.000000
          10 1.0-1.5% 12         0 0.000000
          10 1.5-2.0% 12         0 0.000000

==============================================================================
EVENT: TOP_100_PROSPECT
==============================================================================
  ranking by lasso_score_TOP_100_PROSPECT (range [+0.00, +0.79])
saved results\v20b_clean_2026-06-09\TOP_100_PROSPECT_pct_slabs.csv

--- realized TOP_100_PROSPECT rate (%) by yip × slab ---
yip             0      1      2      3      4      5
slab                                                
0.0-0.5%     88.9   82.4   82.4   35.3   31.2    6.2
0.5-1.0%     47.1   55.6   35.3   25.0    0.0    0.0
1.0-1.5%     27.8   41.2   29.4   11.8    5.9    0.0
1.5-2.0%     64.7   29.4   17.6    0.0    0.0    0.0
2-3%         34.3   28.6   14.3    8.8    0.0    0.0
3-4%         22.2   11.4    0.0    0.0    0.0    0.0
4-5%          8.6    5.9    0.0    3.0    0.0    0.0
5-10%        12.0    4.6    2.9    0.0    0.0    0.0
10-20%        1.4    0.6    0.6    0.0    0.3    0.0
20-50%        0.7    0.3    0.1    0.1    0.0    0.0
bottom 50%    0.1    0.1    0.0    0.0    0.0    0.0

--- n per cell ---
yip             0      1      2      3      4      5
slab                                                
0.0-0.5%       18     17     17     17     16     16
0.5-1.0%       17     18     17     16     16     16
1.0-1.5%       18     17     17     17     17     16
1.5-2.0%       17     17     17     16     16     15
2-3%           35     35     35     34     32     32
3-4%           36     35     34     33     33     32
4-5%           35     34     34     33     32     31
5-10%         175    174    171    166    162    159
10-20%        352    347    342    333    324    317
20-50%       1054   1040   1026    997    972    951
bottom 50%   1757   1734   1709   1662   1621   1585

--- score floor per cell ---
yip              0       1       2       3       4       5
slab                                                      
0.0-0.5%    +0.677  +0.555  +0.403  +0.209  +0.067  +0.004
0.5-1.0%    +0.532  +0.401  +0.214  +0.105  +0.024  +0.002
1.0-1.5%    +0.416  +0.266  +0.134  +0.063  +0.014  +0.001
1.5-2.0%    +0.320  +0.206  +0.106  +0.035  +0.008  +0.001
2-3%        +0.206  +0.125  +0.066  +0.013  +0.003  +0.001
3-4%        +0.155  +0.094  +0.041  +0.008  +0.002  +0.001
4-5%        +0.129  +0.067  +0.026  +0.005  +0.001  +0.000
5-10%       +0.046  +0.019  +0.005  +0.001  +0.000  +0.000
10-20%      +0.011  +0.003  +0.001  +0.000  +0.000  +0.000
20-50%      +0.002  +0.000  +0.000  +0.000  +0.000  +0.000
bottom 50%  +0.000  +0.000  +0.000  +0.000  +0.000  +0.000

--- base rate by yip ---
  yip=0: 2.76%
  yip=1: 1.90%
  yip=2: 1.20%
  yip=3: 0.51%
  yip=4: 0.22%
  yip=5: 0.03%

saved results\v20b_clean_2026-06-09\TOP_100_PROSPECT_cum_above_threshold.csv

--- TOP_100_PROSPECT: rate above score floor (%) by yip × pctile cut [cut p = top (100-p)%] ---
yip             0      1      2      3      4      5
pctile_cut                                          
5             2.9    2.0    1.3    0.5    0.2    0.0
10            3.1    2.1    1.3    0.6    0.2    0.0
15            3.2    2.2    1.4    0.6    0.3    0.0
20            3.4    2.4    1.5    0.6    0.3    0.0
25            3.6    2.5    1.6    0.7    0.3    0.0
30            3.9    2.7    1.7    0.7    0.3    0.0
35            4.2    2.9    1.8    0.8    0.3    0.0
40            4.6    3.2    2.0    0.9    0.4    0.1
45            5.0    3.4    2.2    0.9    0.4    0.1
50            5.5    3.7    2.4    1.0    0.4    0.1
55            6.1    4.1    2.7    1.1    0.5    0.1
60            6.8    4.6    3.0    1.3    0.5    0.1
65            7.8    5.3    3.4    1.5    0.6    0.1
70            9.1    6.1    4.0    1.7    0.7    0.1
75           10.8    7.4    4.8    2.0    0.9    0.1
80           12.7    8.9    5.8    2.4    1.1    0.2
85           16.3   11.9    7.6    3.2    1.2    0.2
90           24.1   17.3   11.1    4.8    1.8    0.3
95           35.8   29.9   19.3    9.6    3.7    0.6
96           42.6   36.0   24.1   11.3    4.6    0.8
97           50.0   43.8   32.0   15.0    6.1    1.0
98           57.7   51.4   40.6   17.9    9.2    1.6
99           66.7   68.6   60.0   29.4   15.2    3.1

--- TOP_100_PROSPECT: n above score floor by yip × pctile cut ---
yip             0      1      2      3      4      5
pctile_cut                                          
5            3338   3294   3248   3157   3079   3011
10           3162   3121   3077   2991   2917   2853
15           2987   2947   2906   2825   2755   2694
20           2811   2774   2735   2659   2593   2536
25           2635   2601   2564   2493   2431   2377
30           2460   2427   2393   2327   2269   2219
35           2284   2254   2223   2160   2107   2060
40           2108   2081   2051   1994   1945   1902
45           1935   1907   1880   1828   1783   1743
50           1757   1734   1710   1662   1621   1585
55           1582   1561   1539   1496   1459   1427
60           1406   1387   1368   1330   1296   1268
65           1230   1214   1197   1164   1135   1110
70           1054   1041   1027    997    973    951
75            879    867    855    831    812    793
80            703    694    684    665    649    634
85            527    521    513    499    489    476
90            352    347    342    333    325    317
95            176    174    171    167    163    159
96            141    139    137    133    130    127
97            106    105    103    100     98     96
98             71     70     69     67     65     64
99             36     35     35     34     33     32

--- TOP_100_PROSPECT: score floor by yip × pctile cut ---
yip              0       1       2       3       4       5
pctile_cut                                                
5           +0.000  +0.000  +0.000  +0.000  +0.000  +0.000
10          +0.000  +0.000  +0.000  +0.000  +0.000  +0.000
15          +0.000  +0.000  +0.000  +0.000  +0.000  +0.000
20          +0.000  +0.000  +0.000  +0.000  +0.000  +0.000
25          +0.001  +0.000  +0.000  +0.000  +0.000  +0.000
30          +0.001  +0.000  +0.000  +0.000  +0.000  +0.000
35          +0.001  +0.000  +0.000  +0.000  +0.000  +0.000
40          +0.001  +0.000  +0.000  +0.000  +0.000  +0.000
45          +0.002  +0.000  +0.000  +0.000  +0.000  +0.000
50          +0.002  +0.000  +0.000  +0.000  +0.000  +0.000
55          +0.002  +0.001  +0.000  +0.000  +0.000  +0.000
60          +0.003  +0.001  +0.000  +0.000  +0.000  +0.000
65          +0.004  +0.001  +0.000  +0.000  +0.000  +0.000
70          +0.006  +0.001  +0.000  +0.000  +0.000  +0.000
75          +0.008  +0.002  +0.001  +0.000  +0.000  +0.000
80          +0.011  +0.003  +0.001  +0.000  +0.000  +0.000
85          +0.020  +0.007  +0.002  +0.000  +0.000  +0.000
90          +0.045  +0.019  +0.005  +0.001  +0.000  +0.000
95          +0.129  +0.066  +0.026  +0.005  +0.001  +0.000
96          +0.155  +0.093  +0.041  +0.008  +0.002  +0.001
97          +0.206  +0.123  +0.066  +0.013  +0.003  +0.001
98          +0.318  +0.203  +0.103  +0.033  +0.008  +0.001
99          +0.529  +0.393  +0.200  +0.100  +0.023  +0.002

saved results\v20b_clean_2026-06-09\TOP_100_PROSPECT_walkforward.csv

--- TOP_100_PROSPECT: walk-forward by snap_offset ---
offset     n  pos  base%  pred%  AU-PR AU-PR_lift  lift@2    ECE
     0  3514   97   2.76   2.44  0.518      18.77   20.70  0.007
     1  3468   66   1.90   1.48  0.571      30.03   27.42  0.005
     2  3419   41   1.20   0.81  0.588      49.05   34.34  0.004
     3  3324   17   0.51   0.36  0.411      80.27   35.55  0.002
     4  3241    7   0.22   0.18  0.429     198.63   42.74  0.001
     5  3170    1   0.03   0.03  0.333    1056.67   50.32  0.000
     6  3133    0   0.00    nan    nan        nan     nan    nan
     7  2926    0   0.00    nan    nan        nan     nan    nan
     8  2728    0   0.00    nan    nan        nan     nan    nan
     9  2555    0   0.00    nan    nan        nan     nan    nan
    10  2372    0   0.00    nan    nan        nan     nan    nan

saved results\v20b_clean_2026-06-09\TOP_100_PROSPECT_top_lookback.csv  (401 top-2% rows)

look-back per yip × slab (top 0-2%):
 snap_offset     slab  n  realized     rate
           0 0.0-0.5% 17        15 0.882353
           0 0.5-1.0% 18         9 0.500000
           0 1.0-1.5% 17         5 0.294118
           0 1.5-2.0% 18        11 0.611111
           1 0.0-0.5% 17        14 0.823529
           1 0.5-1.0% 17        10 0.588235
           1 1.0-1.5% 18         7 0.388889
           1 1.5-2.0% 17         5 0.294118
           2 0.0-0.5% 17        14 0.823529
           2 0.5-1.0% 17         6 0.352941
           2 1.0-1.5% 17         5 0.294118
           2 1.5-2.0% 17         3 0.176471
           3 0.0-0.5% 16         6 0.375000
           3 0.5-1.0% 17         4 0.235294
           3 1.0-1.5% 16         2 0.125000
           3 1.5-2.0% 17         0 0.000000
           4           1         0 0.000000
           4 0.0-0.5% 16         5 0.312500
           4 0.5-1.0% 16         0 0.000000
           4 1.0-1.5% 16         1 0.062500
           4 1.5-2.0% 16         0 0.000000
           5 0.0-0.5% 15         1 0.066667
           5 0.5-1.0% 16         0 0.000000
           5 1.0-1.5% 16         0 0.000000
           5 1.5-2.0% 16         0 0.000000

==============================================================================
EVENT: ESTABLISHED_MLB
==============================================================================
  ranking by lasso_score_ESTABLISHED_MLB (range [+0.00, +0.73])
saved results\v20b_clean_2026-06-09\ESTABLISHED_MLB_pct_slabs.csv

--- realized ESTABLISHED_MLB rate (%) by yip × slab ---
yip             0      1      2      3      4      5      6      7      8
slab                                                                     
0.0-0.5%     55.6   58.8   70.6   58.8   56.2   18.8   12.5    6.7    7.1
0.5-1.0%     41.2   55.6   47.1   43.8   12.5    6.2    6.7    0.0    0.0
1.0-1.5%     33.3   64.7   52.9   29.4   17.6   12.5    0.0    0.0    0.0
1.5-2.0%     29.4   29.4   29.4   31.2    6.2    6.7    0.0    0.0    0.0
2-3%         37.1   28.6   28.6   11.8   12.5    3.1    0.0    0.0    0.0
3-4%         16.7   20.0   17.6   12.1    0.0    0.0    0.0    0.0    0.0
4-5%         22.9   20.6   14.7    3.0    3.1    0.0    0.0    0.0    0.0
5-10%        16.0   10.9    9.9    5.4    0.6    0.6    0.6    0.0    0.0
10-20%        6.2    6.1    2.9    0.3    0.6    0.0    0.0    0.0    0.0
20-50%        2.0    0.6    0.1    0.1    0.0    0.0    0.0    0.0    0.0
bottom 50%    0.1    0.0    0.0    0.0    0.0    0.0    0.0    0.0    0.0

--- n per cell ---
yip             0      1      2      3      4      5      6      7      8
slab                                                                     
0.0-0.5%       18     17     17     17     16     16     16     15     14
0.5-1.0%       17     18     17     16     16     16     15     14     13
1.0-1.5%       18     17     17     17     17     16     16     15     14
1.5-2.0%       17     17     17     16     16     15     16     15     14
2-3%           35     35     35     34     32     32     31     29     27
3-4%           36     35     34     33     33     32     31     29     27
4-5%           35     34     34     33     32     31     32     29     27
5-10%         175    174    171    166    162    159    156    147    137
10-20%        352    347    342    333    324    317    314    292    273
20-50%       1054   1040   1026    997    972    951    939    878    818
bottom 50%   1757   1734   1709   1662   1621   1585   1567   1463   1364

--- score floor per cell ---
yip              0       1       2       3       4       5       6       7       8
slab                                                                              
0.0-0.5%    +0.488  +0.572  +0.459  +0.384  +0.341  +0.078  +0.025  +0.013  +0.008
0.5-1.0%    +0.415  +0.435  +0.380  +0.290  +0.188  +0.047  +0.017  +0.009  +0.004
1.0-1.5%    +0.364  +0.374  +0.335  +0.243  +0.130  +0.036  +0.013  +0.006  +0.003
1.5-2.0%    +0.311  +0.320  +0.291  +0.209  +0.083  +0.026  +0.008  +0.004  +0.002
2-3%        +0.251  +0.253  +0.221  +0.155  +0.052  +0.015  +0.005  +0.002  +0.001
3-4%        +0.207  +0.224  +0.177  +0.101  +0.034  +0.009  +0.003  +0.002  +0.001
4-5%        +0.184  +0.184  +0.148  +0.062  +0.023  +0.007  +0.002  +0.001  +0.001
5-10%       +0.105  +0.077  +0.048  +0.018  +0.005  +0.002  +0.001  +0.000  +0.000
10-20%      +0.037  +0.018  +0.008  +0.003  +0.001  +0.001  +0.000  +0.000  +0.000
20-50%      +0.006  +0.002  +0.001  +0.000  +0.000  +0.000  +0.000  +0.000  +0.000
bottom 50%  +0.000  +0.000  +0.000  +0.000  +0.000  +0.000  +0.000  +0.000  +0.000

--- base rate by yip ---
  yip=0: 3.64%
  yip=1: 3.06%
  yip=2: 2.43%
  yip=3: 1.41%
  yip=4: 0.71%
  yip=5: 0.28%
  yip=6: 0.13%
  yip=7: 0.03%
  yip=8: 0.04%

saved results\v20b_clean_2026-06-09\ESTABLISHED_MLB_cum_above_threshold.csv

--- ESTABLISHED_MLB: rate above score floor (%) by yip × pctile cut [cut p = top (100-p)%] ---
yip             0      1      2      3      4      5      6      7      8
pctile_cut                                                               
5             3.8    3.2    2.6    1.5    0.7    0.3    0.1    0.0    0.0
10            4.0    3.4    2.7    1.6    0.8    0.3    0.1    0.0    0.0
15            4.3    3.6    2.9    1.7    0.8    0.3    0.2    0.0    0.0
20            4.5    3.8    3.0    1.8    0.9    0.4    0.2    0.0    0.0
25            4.9    4.1    3.2    1.9    0.9    0.4    0.2    0.0    0.0
30            5.2    4.4    3.4    2.0    1.0    0.4    0.2    0.0    0.1
35            5.6    4.7    3.7    2.2    1.1    0.4    0.2    0.1    0.1
40            6.1    5.1    4.0    2.4    1.2    0.5    0.2    0.1    0.1
45            6.6    5.6    4.4    2.6    1.3    0.5    0.2    0.1    0.1
50            7.2    6.1    4.9    2.8    1.4    0.6    0.3    0.1    0.1
55            7.9    6.8    5.4    3.1    1.6    0.6    0.3    0.1    0.1
60            8.7    7.6    6.1    3.5    1.8    0.7    0.3    0.1    0.1
65            9.8    8.6    6.9    4.0    2.0    0.8    0.4    0.1    0.1
70           11.3    9.9    8.1    4.6    2.4    0.9    0.4    0.1    0.1
75           13.2   11.9    9.7    5.5    2.8    1.1    0.5    0.1    0.1
80           14.9   14.4   12.0    6.9    3.5    1.4    0.6    0.2    0.2
85           18.0   17.9   15.6    9.2    4.7    1.9    0.9    0.2    0.2
90           23.6   22.8   21.1   13.5    6.5    2.8    1.3    0.3    0.4
95           31.2   34.5   32.2   21.6   12.3    5.0    1.9    0.7    0.7
96           33.3   38.1   36.5   26.3   14.6    6.3    2.4    0.8    0.9
97           38.7   43.8   42.7   31.0   19.4    8.3    3.2    1.1    1.2
98           39.4   51.4   49.3   40.3   23.1   10.9    4.8    1.7    1.8
99           47.2   57.1   57.1   52.9   33.3   12.5    9.4    3.3    3.6

--- ESTABLISHED_MLB: n above score floor by yip × pctile cut ---
yip             0      1      2      3      4      5      6      7      8
pctile_cut                                                               
5            3338   3294   3248   3159   3079   3011   2976   2780   2592
10           3162   3121   3077   2992   2917   2853   2819   2633   2455
15           2987   2947   2906   2825   2754   2694   2663   2487   2318
20           2815   2774   2735   2659   2593   2536   2506   2341   2182
25           2635   2601   2564   2493   2431   2377   2350   2194   2046
30           2460   2427   2410   2327   2268   2219   2193   2048   1909
35           2284   2254   2222   2160   2107   2060   2036   1902   1773
40           2108   2081   2051   1994   1945   1902   1880   1756   1637
45           1933   1907   1880   1828   1783   1743   1723   1609   1500
50           1757   1734   1710   1662   1621   1585   1567   1463   1364
55           1581   1561   1539   1496   1459   1427   1410   1317   1228
60           1406   1387   1368   1330   1297   1268   1253   1170   1091
65           1230   1214   1197   1164   1135   1110   1097   1024    955
70           1054   1041   1026    997    973    951    940    878    819
75            879    867    855    831    811    793    784    734    689
80            703    694    684    665    649    634    627    586    546
85            527    521    513    499    487    476    470    439    456
90            352    347    342    333    325    317    314    293    273
95            176    174    171    167    163    159    157    147    137
96            141    139    137    133    130    127    126    118    110
97            106    105    103    100     98     96     94     88     82
98             71     70     69     67     65     64     63     59     55
99             36     35     35     34     33     32     32     30     28

--- ESTABLISHED_MLB: score floor by yip × pctile cut ---
yip              0       1       2       3       4       5       6       7       8
pctile_cut                                                                        
5           +0.000  +0.000  +0.000  +0.000  +0.000  +0.000  +0.000  +0.000  +0.000
10          +0.001  +0.000  +0.000  +0.000  +0.000  +0.000  +0.000  +0.000  +0.000
15          +0.001  +0.000  +0.000  +0.000  +0.000  +0.000  +0.000  +0.000  +0.000
20          +0.001  +0.000  +0.000  +0.000  +0.000  +0.000  +0.000  +0.000  +0.000
25          +0.001  +0.000  +0.000  +0.000  +0.000  +0.000  +0.000  +0.000  +0.000
30          +0.002  +0.001  +0.000  +0.000  +0.000  +0.000  +0.000  +0.000  +0.000
35          +0.002  +0.001  +0.000  +0.000  +0.000  +0.000  +0.000  +0.000  +0.000
40          +0.003  +0.001  +0.000  +0.000  +0.000  +0.000  +0.000  +0.000  +0.000
45          +0.004  +0.001  +0.001  +0.000  +0.000  +0.000  +0.000  +0.000  +0.000
50          +0.006  +0.002  +0.001  +0.000  +0.000  +0.000  +0.000  +0.000  +0.000
55          +0.007  +0.002  +0.001  +0.001  +0.000  +0.000  +0.000  +0.000  +0.000
60          +0.010  +0.003  +0.001  +0.001  +0.000  +0.000  +0.000  +0.000  +0.000
65          +0.012  +0.005  +0.002  +0.001  +0.000  +0.000  +0.000  +0.000  +0.000
70          +0.016  +0.007  +0.003  +0.001  +0.001  +0.000  +0.000  +0.000  +0.000
75          +0.023  +0.010  +0.004  +0.002  +0.001  +0.000  +0.000  +0.000  +0.000
80          +0.036  +0.018  +0.008  +0.003  +0.001  +0.001  +0.000  +0.000  +0.000
85          +0.067  +0.036  +0.017  +0.006  +0.002  +0.001  +0.000  +0.000  +0.000
90          +0.104  +0.077  +0.048  +0.018  +0.005  +0.002  +0.001  +0.000  +0.000
95          +0.183  +0.184  +0.147  +0.062  +0.023  +0.006  +0.002  +0.001  +0.001
96          +0.207  +0.224  +0.177  +0.100  +0.034  +0.009  +0.003  +0.002  +0.001
97          +0.243  +0.251  +0.221  +0.155  +0.051  +0.014  +0.005  +0.002  +0.001
98          +0.310  +0.317  +0.288  +0.206  +0.082  +0.025  +0.008  +0.004  +0.002
99          +0.413  +0.434  +0.377  +0.285  +0.187  +0.047  +0.016  +0.009  +0.004

saved results\v20b_clean_2026-06-09\ESTABLISHED_MLB_walkforward.csv

--- ESTABLISHED_MLB: walk-forward by snap_offset ---
offset     n  pos  base%  pred%  AU-PR AU-PR_lift  lift@2    ECE
     0  3514  128   3.64   3.44  0.312       8.57   10.98  0.004
     1  3468  106   3.06   2.90  0.402      13.17   17.07  0.006
     2  3419   83   2.43   2.18  0.437      17.98   20.60  0.005
     3  3324   47   1.41   1.34  0.473      33.43   28.93  0.002
     4  3241   23   0.71   0.72  0.369      52.00   32.52  0.001
     5  3170    9   0.28   0.25  0.323     113.94   39.14  0.001
     6  3133    4   0.13   0.09  0.183     143.68   37.30  0.001
     7  2926    1   0.03   0.05  0.071     209.00   49.59  0.000
     8  2728    1   0.04   0.03  1.000    2728.00   49.60  0.000
     9  2555    0   0.00    nan    nan        nan     nan    nan
    10  2372    0   0.00    nan    nan        nan     nan    nan

saved results\v20b_clean_2026-06-09\ESTABLISHED_MLB_top_lookback.csv  (578 top-2% rows)

look-back per yip × slab (top 0-2%):
 snap_offset     slab  n  realized     rate
           0 0.0-0.5% 17        10 0.588235
           0 0.5-1.0% 18         7 0.388889
           0 1.0-1.5% 17         6 0.352941
           0 1.5-2.0% 18         5 0.277778
           1 0.0-0.5% 17        10 0.588235
           1 0.5-1.0% 17        10 0.588235
           1 1.0-1.5% 18        11 0.611111
           1 1.5-2.0% 17         5 0.294118
           2 0.0-0.5% 17        12 0.705882
           2 0.5-1.0% 17         8 0.470588
           2 1.0-1.5% 17         9 0.529412
           2 1.5-2.0% 17         5 0.294118
           3 0.0-0.5% 16         9 0.562500
           3 0.5-1.0% 17         8 0.470588
           3 1.0-1.5% 16         5 0.312500
           3 1.5-2.0% 17         5 0.294118
           4           1         0 0.000000
           4 0.0-0.5% 16         9 0.562500
           4 0.5-1.0% 16         2 0.125000
           4 1.0-1.5% 16         3 0.187500
           4 1.5-2.0% 16         1 0.062500
           5 0.0-0.5% 15         3 0.200000
           5 0.5-1.0% 16         1 0.062500
           5 1.0-1.5% 16         2 0.125000
           5 1.5-2.0% 16         1 0.062500
           6           1         0 0.000000
           6 0.0-0.5% 15         2 0.133333
           6 0.5-1.0% 16         1 0.062500
           6 1.0-1.5% 15         0 0.000000
           6 1.5-2.0% 16         0 0.000000
           7           1         0 0.000000
           7 0.0-0.5% 14         1 0.071429
           7 0.5-1.0% 15         0 0.000000
           7 1.0-1.5% 14         0 0.000000
           7 1.5-2.0% 15         0 0.000000
           8           1         0 0.000000
           8 0.0-0.5% 13         1 0.076923
           8 0.5-1.0% 14         0 0.000000
           8 1.0-1.5% 13         0 0.000000
           8 1.5-2.0% 14         0 0.000000

==============================================================================
EVENT: STAR_PLUS_ELITE
==============================================================================
  ranking by lasso_score_STAR_PLUS_ELITE (range [+0.00, +0.42])
saved results\v20b_clean_2026-06-09\STAR_PLUS_ELITE_pct_slabs.csv

--- realized STAR_PLUS_ELITE rate (%) by yip × slab ---
yip             0      1      2      3      4      5      6      7      8
slab                                                                     
0.0-0.5%     27.8   35.3   29.4   41.2   18.8    0.0    0.0    0.0    0.0
0.5-1.0%     17.6   44.4   17.6    6.2    0.0    0.0    0.0    0.0    7.7
1.0-1.5%     22.2   29.4   23.5   11.8    0.0    0.0    0.0    0.0    0.0
1.5-2.0%     11.8    0.0   23.5    0.0    6.2    0.0    0.0    6.7    0.0
2-3%          2.9    2.9    5.7    0.0    0.0    0.0    0.0    0.0    0.0
3-4%         13.9    8.6    0.0    0.0    3.0    0.0    0.0    0.0    0.0
4-5%          5.7    5.9    0.0    0.0    0.0    0.0    0.0    0.0    0.0
5-10%         2.9    1.7    1.2    0.6    0.0    0.6    0.6    0.0    0.0
10-20%        1.7    0.9    0.3    0.3    0.0    0.0    0.0    0.0    0.0
20-50%        0.4    0.0    0.1    0.0    0.0    0.0    0.0    0.0    0.0
bottom 50%    0.0    0.0    0.0    0.0    0.0    0.0    0.0    0.0    0.0

--- n per cell ---
yip             0      1      2      3      4      5      6      7      8
slab                                                                     
0.0-0.5%       18     17     17     17     16     16     16     15     14
0.5-1.0%       17     18     17     16     16     16     15     14     13
1.0-1.5%       18     17     17     17     17     16     16     15     14
1.5-2.0%       17     17     17     16     16     15     16     15     14
2-3%           35     35     35     34     32     32     31     29     27
3-4%           36     35     34     33     33     32     31     29     27
4-5%           35     34     34     33     32     31     32     29     27
5-10%         175    174    171    166    162    159    156    147    137
10-20%        352    347    342    333    324    317    314    292    273
20-50%       1054   1040   1026    997    972    951    939    878    818
bottom 50%   1757   1734   1709   1662   1621   1585   1567   1463   1364

--- score floor per cell ---
yip              0       1       2       3       4       5       6       7       8
slab                                                                              
0.0-0.5%    +0.235  +0.197  +0.124  +0.081  +0.052  +0.007  +0.002  +0.001  +0.001
0.5-1.0%    +0.166  +0.128  +0.085  +0.054  +0.029  +0.004  +0.002  +0.001  +0.001
1.0-1.5%    +0.122  +0.103  +0.066  +0.037  +0.014  +0.003  +0.001  +0.001  +0.001
1.5-2.0%    +0.096  +0.084  +0.056  +0.027  +0.010  +0.002  +0.001  +0.001  +0.000
2-3%        +0.071  +0.063  +0.038  +0.019  +0.006  +0.001  +0.001  +0.000  +0.000
3-4%        +0.053  +0.046  +0.029  +0.013  +0.004  +0.001  +0.000  +0.000  +0.000
4-5%        +0.041  +0.036  +0.024  +0.008  +0.003  +0.001  +0.000  +0.000  +0.000
5-10%       +0.016  +0.012  +0.007  +0.003  +0.001  +0.000  +0.000  +0.000  +0.000
10-20%      +0.006  +0.003  +0.002  +0.001  +0.000  +0.000  +0.000  +0.000  +0.000
20-50%      +0.002  +0.000  +0.000  +0.000  +0.000  +0.000  +0.000  +0.000  +0.000
bottom 50%  +0.000  +0.000  +0.000  +0.000  +0.000  +0.000  +0.000  +0.000  +0.000

--- base rate by yip ---
  yip=0: 1.05%
  yip=1: 0.89%
  yip=2: 0.64%
  yip=3: 0.36%
  yip=4: 0.15%
  yip=5: 0.03%
  yip=6: 0.03%
  yip=7: 0.03%
  yip=8: 0.04%

saved results\v20b_clean_2026-06-09\STAR_PLUS_ELITE_cum_above_threshold.csv

--- STAR_PLUS_ELITE: rate above score floor (%) by yip × pctile cut [cut p = top (100-p)%] ---
yip             0      1      2      3      4      5      6      7      8
pctile_cut                                                               
5             1.1    0.9    0.7    0.4    0.2    0.0    0.0    0.0    0.0
10            1.2    1.0    0.7    0.4    0.2    0.0    0.0    0.0    0.0
15            1.2    1.0    0.8    0.4    0.2    0.0    0.0    0.0    0.0
20            1.3    1.1    0.8    0.5    0.2    0.0    0.0    0.0    0.0
25            1.4    1.2    0.9    0.5    0.2    0.0    0.0    0.0    0.0
30            1.5    1.3    0.9    0.5    0.2    0.0    0.0    0.0    0.1
35            1.6    1.4    1.0    0.6    0.2    0.0    0.0    0.1    0.1
40            1.8    1.5    1.1    0.6    0.3    0.1    0.1    0.1    0.1
45            1.9    1.6    1.2    0.7    0.3    0.1    0.1    0.1    0.1
50            2.1    1.8    1.3    0.7    0.3    0.1    0.1    0.1    0.1
55            2.3    2.0    1.4    0.8    0.3    0.1    0.1    0.1    0.1
60            2.6    2.2    1.6    0.9    0.4    0.1    0.1    0.1    0.1
65            3.0    2.6    1.8    1.0    0.4    0.1    0.1    0.1    0.1
70            3.5    3.0    2.1    1.2    0.5    0.1    0.1    0.1    0.1
75            4.0    3.6    2.5    1.4    0.6    0.1    0.1    0.1    0.1
80            4.7    4.5    3.1    1.8    0.8    0.2    0.2    0.2    0.2
85            5.9    5.4    3.9    2.4    1.0    0.2    0.2    0.2    0.2
90            8.0    8.1    5.8    3.3    1.5    0.3    0.3    0.3    0.4
95           12.5   14.4   10.5    6.0    3.1    0.0    0.0    0.7    0.7
96           14.2   16.5   13.1    7.5    3.8    0.0    0.0    0.8    0.9
97           14.2   20.0   17.5   10.0    4.1    0.0    0.0    1.1    1.2
98           19.7   27.1   23.2   14.9    6.2    0.0    0.0    1.7    1.8
99           25.0   40.0   25.7   23.5    9.1    0.0    0.0    0.0    3.6

--- STAR_PLUS_ELITE: n above score floor by yip × pctile cut ---
yip             0      1      2      3      4      5      6      7      8
pctile_cut                                                               
5            3338   3294   3248   3158   3079   3011   2976   2779   2593
10           3162   3122   3077   2991   2917   2853   2819   2633   2455
15           2987   2954   2906   2825   2755   2694   2663   2487   2353
20           2811   2774   2735   2659   2593   2536   2506   2341   2183
25           2635   2601   2569   2493   2432   2377   2350   2194   2046
30           2460   2427   2393   2327   2268   2219   2195   2048   1909
35           2284   2254   2226   2160   2107   2060   2036   1903   1773
40           2108   2081   2058   1994   1945   1902   1880   1756   1637
45           1937   1907   1880   1828   1783   1743   1723   1610   1500
50           1757   1734   1710   1674   1621   1585   1567   1463   1364
55           1581   1561   1540   1496   1459   1427   1410   1317   1228
60           1406   1387   1368   1330   1328   1268   1253   1171   1091
65           1230   1214   1197   1164   1135   1114   1098   1025    955
70           1054   1041   1026    997    973    951    940    878    819
75            879    867    855    831    811    800    791    738    693
80            703    694    684    665    649    634    627    586    566
85            527    521    513    499    487    476    470    439    410
90            352    347    342    333    325    317    314    293    273
95            176    174    171    167    163    159    157    147    137
96            141    139    137    133    130    127    126    118    110
97            106    105    103    100     98     96     94     88     82
98             71     70     69     67     65     64     63     59     55
99             36     35     35     34     33     32     32     30     28

--- STAR_PLUS_ELITE: score floor by yip × pctile cut ---
yip              0       1       2       3       4       5       6       7       8
pctile_cut                                                                        
5           +0.000  +0.000  +0.000  +0.000  +0.000  +0.000  +0.000  +0.000  +0.000
10          +0.000  +0.000  +0.000  +0.000  +0.000  +0.000  +0.000  +0.000  +0.000
15          +0.000  +0.000  +0.000  +0.000  +0.000  +0.000  +0.000  +0.000  +0.000
20          +0.000  +0.000  +0.000  +0.000  +0.000  +0.000  +0.000  +0.000  +0.000
25          +0.000  +0.000  +0.000  +0.000  +0.000  +0.000  +0.000  +0.000  +0.000
30          +0.001  +0.000  +0.000  +0.000  +0.000  +0.000  +0.000  +0.000  +0.000
35          +0.001  +0.000  +0.000  +0.000  +0.000  +0.000  +0.000  +0.000  +0.000
40          +0.001  +0.000  +0.000  +0.000  +0.000  +0.000  +0.000  +0.000  +0.000
45          +0.001  +0.000  +0.000  +0.000  +0.000  +0.000  +0.000  +0.000  +0.000
50          +0.002  +0.000  +0.000  +0.000  +0.000  +0.000  +0.000  +0.000  +0.000
55          +0.002  +0.000  +0.000  +0.000  +0.000  +0.000  +0.000  +0.000  +0.000
60          +0.002  +0.001  +0.000  +0.000  +0.000  +0.000  +0.000  +0.000  +0.000
65          +0.003  +0.001  +0.000  +0.000  +0.000  +0.000  +0.000  +0.000  +0.000
70          +0.004  +0.001  +0.001  +0.000  +0.000  +0.000  +0.000  +0.000  +0.000
75          +0.005  +0.002  +0.001  +0.000  +0.000  +0.000  +0.000  +0.000  +0.000
80          +0.006  +0.003  +0.002  +0.001  +0.000  +0.000  +0.000  +0.000  +0.000
85          +0.009  +0.005  +0.003  +0.001  +0.001  +0.000  +0.000  +0.000  +0.000
90          +0.016  +0.012  +0.007  +0.003  +0.001  +0.000  +0.000  +0.000  +0.000
95          +0.041  +0.036  +0.024  +0.008  +0.003  +0.001  +0.000  +0.000  +0.000
96          +0.053  +0.046  +0.029  +0.013  +0.004  +0.001  +0.000  +0.000  +0.000
97          +0.070  +0.062  +0.038  +0.018  +0.006  +0.001  +0.001  +0.000  +0.000
98          +0.096  +0.083  +0.055  +0.026  +0.010  +0.002  +0.001  +0.001  +0.000
99          +0.165  +0.126  +0.084  +0.053  +0.025  +0.004  +0.001  +0.001  +0.001

saved results\v20b_clean_2026-06-09\STAR_PLUS_ELITE_walkforward.csv

--- STAR_PLUS_ELITE: walk-forward by snap_offset ---
offset     n  pos  base%  pred%  AU-PR AU-PR_lift  lift@2    ECE
     0  3514   37   1.05   0.90  0.207      19.69   18.99  0.002
     1  3468   31   0.89   0.69  0.373      41.68   30.81  0.004
     2  3419   22   0.64   0.44  0.313      48.63   36.57  0.002
     3  3324   12   0.36   0.23  0.450     124.61   41.97  0.001
     4  3241    5   0.15   0.12  0.241     156.12   39.89  0.001
     5  3170    1   0.03   0.03  0.005      15.85    0.00  0.000
     6  3133    1   0.03   0.01  0.006      18.43    0.00  0.000
     7  2926    1   0.03   0.01  0.018      53.20   49.59  0.000
     8  2728    1   0.04   0.01  0.050     136.40   49.60  0.000
     9  2555    0   0.00    nan    nan        nan     nan    nan
    10  2372    0   0.00    nan    nan        nan     nan    nan

saved results\v20b_clean_2026-06-09\STAR_PLUS_ELITE_top_lookback.csv  (578 top-2% rows)

look-back per yip × slab (top 0-2%):
 snap_offset     slab  n  realized     rate
           0 0.0-0.5% 17         5 0.294118
           0 0.5-1.0% 18         3 0.166667
           0 1.0-1.5% 17         4 0.235294
           0 1.5-2.0% 18         2 0.111111
           1 0.0-0.5% 17         6 0.352941
           1 0.5-1.0% 17         7 0.411765
           1 1.0-1.5% 18         6 0.333333
           1 1.5-2.0% 17         0 0.000000
           2 0.0-0.5% 17         5 0.294118
           2 0.5-1.0% 17         3 0.176471
           2 1.0-1.5% 17         4 0.235294
           2 1.5-2.0% 17         4 0.235294
           3 0.0-0.5% 16         7 0.437500
           3 0.5-1.0% 17         1 0.058824
           3 1.0-1.5% 16         2 0.125000
           3 1.5-2.0% 17         0 0.000000
           4           1         0 0.000000
           4 0.0-0.5% 16         3 0.187500
           4 0.5-1.0% 16         0 0.000000
           4 1.0-1.5% 16         0 0.000000
           4 1.5-2.0% 16         1 0.062500
           5 0.0-0.5% 15         0 0.000000
           5 0.5-1.0% 16         0 0.000000
           5 1.0-1.5% 16         0 0.000000
           5 1.5-2.0% 16         0 0.000000
           6           1         0 0.000000
           6 0.0-0.5% 15         0 0.000000
           6 0.5-1.0% 16         0 0.000000
           6 1.0-1.5% 15         0 0.000000
           6 1.5-2.0% 16         0 0.000000
           7           1         0 0.000000
           7 0.0-0.5% 14         0 0.000000
           7 0.5-1.0% 15         0 0.000000
           7 1.0-1.5% 14         0 0.000000
           7 1.5-2.0% 15         1 0.066667
           8           1         0 0.000000
           8 0.0-0.5% 13         0 0.000000
           8 0.5-1.0% 14         1 0.071429
           8 1.0-1.5% 13         0 0.000000
           8 1.5-2.0% 14         0 0.000000
