validate_full.py  prefix=v2.0b_orgrank  out_dir=results\v2.0b_orgrank_2026-06-16
  long=results/training/v2.0b_oof_val_long.csv
  lasso=None
  lasso_bundle=None
  model_b=None
  db=prospects_snapshot.db
  date=2026-06-16

scored val (joint XGBoost): 31,641 rows, 3,348 players
  xgb events: ['TOP_100_PROSPECT', 'MLB_DEBUT', 'ESTABLISHED_MLB', 'STAR_PLUS_ELITE']

==============================================================================
EVENT: MLB_DEBUT
==============================================================================
  ranking by lasso_score_MLB_DEBUT (range [+0.00, +0.98])
saved results\v2.0b_orgrank_2026-06-16\MLB_DEBUT_pct_slabs.csv

--- realized MLB_DEBUT rate (%) by yip × slab ---
yip            0      1      2      3      4      5      6      7      8      9      10
slab                                                                                   
0.0-0.5%     94.1  100.0  100.0  100.0  100.0   93.3   71.4   38.5   30.8   33.3    9.1
0.5-1.0%     81.2  100.0  100.0  100.0  100.0   64.3   53.3   21.4    8.3    9.1    0.0
1.0-1.5%     94.1   94.1  100.0   93.8   93.3   53.3    7.1   30.8    0.0   16.7    0.0
1.5-2.0%     76.5   87.5   81.2   87.5   62.5   20.0   53.3   21.4   16.7    0.0    0.0
2-3%         63.6   66.7   78.1   74.2   53.3   31.0   20.7   25.9    8.0    0.0    0.0
3-4%         82.4   79.4   75.8   61.3   40.0   33.3   20.7   11.1    0.0    0.0    0.0
4-5%         63.6   66.7   65.6   50.0   35.5   20.7    6.9    7.4    0.0    0.0    0.0
5-10%        57.7   61.2   60.1   42.9   31.1   12.9    4.8    3.0    1.6    0.0    0.9
10-20%       35.5   35.5   32.3   19.4    9.9    4.7    3.1    0.7    0.4    0.4    0.5
20-50%       12.5    9.3    6.0    4.4    2.3    1.1    0.5    0.1    0.1    0.0    0.0
bottom 50%    1.9    1.3    0.8    0.3    0.2    0.1    0.0    0.0    0.0    0.0    0.0

--- n per cell ---
yip            0      1      2      3      4      5      6      7      8      9      10
slab                                                                                   
0.0-0.5%       17     17     16     16     15     15     14     13     13     12     11
0.5-1.0%       16     16     16     15     15     14     15     14     12     11     11
1.0-1.5%       17     17     17     16     15     15     14     13     13     12     11
1.5-2.0%       17     16     16     16     16     15     15     14     12     12     11
2-3%           33     33     32     31     30     29     29     27     25     23     21
3-4%           34     34     33     31     30     30     29     27     25     24     22
4-5%           33     33     32     32     31     29     29     27     25     23     22
5-10%         168    165    163    156    151    147    145    135    125    118    109
10-20%        335    332    325    314    304    295    289    269    250    235    218
20-50%       1004    993    974    940    909    883    869    809    750    704    655
bottom 50%   1674   1657   1625   1567   1517   1471   1447   1347   1251   1174   1091

--- score floor per cell ---
yip             0       1       2       3       4       5       6       7       8       9       10
slab                                                                                              
0.0-0.5%    +0.847  +0.944  +0.961  +0.961  +0.963  +0.738  +0.571  +0.275  +0.157  +0.087  +0.039
0.5-1.0%    +0.783  +0.894  +0.949  +0.943  +0.904  +0.553  +0.407  +0.170  +0.090  +0.051  +0.022
1.0-1.5%    +0.737  +0.853  +0.927  +0.899  +0.813  +0.468  +0.316  +0.135  +0.070  +0.034  +0.019
1.5-2.0%    +0.706  +0.818  +0.861  +0.845  +0.700  +0.408  +0.279  +0.106  +0.052  +0.024  +0.014
2-3%        +0.648  +0.748  +0.783  +0.686  +0.563  +0.311  +0.194  +0.068  +0.035  +0.020  +0.010
3-4%        +0.611  +0.703  +0.717  +0.616  +0.450  +0.248  +0.136  +0.051  +0.027  +0.015  +0.007
4-5%        +0.575  +0.655  +0.675  +0.554  +0.370  +0.200  +0.098  +0.043  +0.020  +0.010  +0.006
5-10%       +0.437  +0.468  +0.461  +0.323  +0.163  +0.067  +0.030  +0.013  +0.007  +0.004  +0.003
10-20%      +0.234  +0.224  +0.189  +0.092  +0.038  +0.019  +0.008  +0.003  +0.002  +0.001  +0.001
20-50%      +0.033  +0.024  +0.016  +0.010  +0.004  +0.003  +0.001  +0.001  +0.001  +0.000  +0.000
bottom 50%  +0.001  +0.000  +0.000  +0.000  +0.000  +0.000  +0.000  +0.000  +0.000  +0.000  +0.000

--- base rate by yip ---
  yip=0: 14.96%
  yip=1: 14.10%
  yip=2: 12.53%
  yip=3: 9.32%
  yip=4: 6.40%
  yip=5: 3.53%
  yip=6: 2.11%
  yip=7: 1.26%
  yip=8: 0.52%
  yip=9: 0.34%
  yip=10: 0.14%

saved results\v2.0b_orgrank_2026-06-16\MLB_DEBUT_cum_above_threshold.csv

--- MLB_DEBUT: rate above score floor (%) by yip × pctile cut [cut p = top (100-p)%] ---
yip            0      1      2      3      4      5      6      7      8      9      10
pctile_cut                                                                             
5            15.7   14.8   13.2    9.8    6.7    3.7    2.2    1.3    0.5    0.4    0.1
10           16.6   15.6   13.9   10.3    7.1    3.9    2.3    1.4    0.6    0.4    0.2
15           17.5   16.5   14.7   10.9    7.5    4.2    2.5    1.5    0.6    0.4    0.2
20           18.6   17.5   15.6   11.6    8.0    4.4    2.6    1.6    0.6    0.4    0.2
25           19.7   18.6   16.5   12.3    8.4    4.7    2.8    1.7    0.7    0.5    0.2
30           21.1   20.0   17.7   13.2    9.0    5.0    3.0    1.8    0.7    0.5    0.2
35           22.5   21.3   18.9   14.2    9.7    5.3    3.2    1.9    0.8    0.5    0.2
40           24.0   23.0   20.5   15.3   10.5    5.8    3.5    2.1    0.9    0.6    0.2
45           26.0   24.9   22.3   16.7   11.5    6.3    3.8    2.3    0.9    0.6    0.2
50           28.0   26.9   24.2   18.3   12.6    6.9    4.2    2.5    1.0    0.7    0.3
55           30.8   29.6   26.7   20.3   13.9    7.7    4.7    2.8    1.2    0.8    0.3
60           33.8   33.1   29.7   22.6   15.6    8.7    5.3    3.2    1.3    0.9    0.3
65           37.8   37.1   33.7   25.6   17.4    9.8    5.9    3.6    1.5    1.0    0.4
70           41.3   41.5   38.3   29.0   20.0   11.3    6.9    4.2    1.7    1.1    0.5
75           45.5   46.8   44.2   33.4   23.7   13.0    8.1    4.9    1.9    1.4    0.5
80           51.3   53.2   51.7   39.2   28.0   15.6    9.8    6.1    2.4    1.7    0.7
85           60.2   61.6   60.9   49.1   35.8   20.6   12.6    7.9    2.9    2.0    0.6
90           67.2   70.8   71.1   58.9   46.1   26.4   16.6   11.5    4.4    3.0    0.9
95           76.8   80.7   82.2   75.2   61.2   39.9   28.3   20.0    7.1    5.9    0.9
96           79.9   84.2   86.2   81.0   67.2   44.9   33.6   23.1    8.9    7.4    1.1
97           79.2   86.0   89.8   88.3   76.9   48.3   37.9   27.2   11.8    9.9    1.5
98           86.6   95.5   95.4   95.2   88.5   57.6   46.6   27.8   13.7   14.9    2.3
99           88.2   97.1  100.0  100.0  100.0   80.0   62.1   29.6   19.2   20.8    4.5

--- MLB_DEBUT: n above score floor by yip × pctile cut ---
yip            0      1      2      3      4      5      6      7      8      9      10
pctile_cut                                                                             
5            3180   3147   3086   2977   2881   2795   2750   2560   2376   2230   2072
10           3013   2981   2924   2820   2729   2648   2605   2425   2251   2113   1963
15           2845   2816   2761   2664   2578   2501   2460   2290   2126   1995   1854
20           2678   2650   2599   2507   2426   2354   2316   2156   2001   1878   1745
25           2511   2485   2437   2350   2275   2207   2171   2021   1876   1761   1636
30           2343   2319   2274   2194   2123   2060   2026   1886   1751   1643   1527
35           2176   2153   2112   2037   1971   1913   1882   1752   1626   1526   1418
40           2009   1988   1949   1880   1820   1766   1737   1617   1501   1409   1309
45           1841   1822   1787   1724   1668   1619   1592   1482   1376   1291   1200
50           1674   1657   1625   1567   1517   1472   1448   1348   1251   1174   1091
55           1507   1491   1462   1410   1365   1324   1303   1213   1126   1057    982
60           1339   1325   1300   1254   1213   1177   1158   1078   1001    939    873
65           1172   1160   1137   1097   1062   1030   1013    943    876    822    764
70           1005    994    975    940    910    883    869    809    751    705    655
75            837    829    813    784    759    736    724    674    626    587    546
80            670    663    650    627    607    589    579    539    501    470    437
85            503    497    488    470    455    442    435    405    376    353    328
90            335    332    325    314    304    295    290    270    251    235    219
95            168    166    163    157    152    148    145    135    126    118    110
96            134    133    130    126    122    118    116    108    101     94     88
97            101    100     98     94     91     89     87     81     76     71     66
98             67     67     65     63     61     59     58     54     51     47     44
99             34     34     33     32     31     30     29     27     26     24     22

--- MLB_DEBUT: score floor by yip × pctile cut ---
yip             0       1       2       3       4       5       6       7       8       9       10
pctile_cut                                                                                        
5           +0.001  +0.001  +0.001  +0.001  +0.001  +0.001  +0.000  +0.000  +0.000  +0.000  +0.000
10          +0.002  +0.001  +0.001  +0.001  +0.001  +0.001  +0.001  +0.000  +0.000  +0.000  +0.000
15          +0.003  +0.002  +0.002  +0.001  +0.001  +0.001  +0.001  +0.000  +0.000  +0.000  +0.000
20          +0.004  +0.003  +0.002  +0.002  +0.001  +0.001  +0.001  +0.000  +0.000  +0.000  +0.000
25          +0.005  +0.004  +0.003  +0.003  +0.002  +0.001  +0.001  +0.000  +0.000  +0.000  +0.000
30          +0.008  +0.006  +0.004  +0.003  +0.002  +0.001  +0.001  +0.000  +0.000  +0.000  +0.000
35          +0.012  +0.008  +0.007  +0.004  +0.002  +0.002  +0.001  +0.000  +0.000  +0.000  +0.000
40          +0.018  +0.011  +0.009  +0.006  +0.003  +0.002  +0.001  +0.001  +0.000  +0.000  +0.000
45          +0.025  +0.017  +0.012  +0.008  +0.004  +0.002  +0.001  +0.001  +0.000  +0.000  +0.000
50          +0.033  +0.024  +0.016  +0.010  +0.004  +0.003  +0.001  +0.001  +0.001  +0.000  +0.000
55          +0.042  +0.032  +0.021  +0.013  +0.006  +0.003  +0.002  +0.001  +0.001  +0.000  +0.000
60          +0.056  +0.043  +0.028  +0.017  +0.008  +0.004  +0.002  +0.001  +0.001  +0.001  +0.000
65          +0.076  +0.060  +0.040  +0.023  +0.011  +0.006  +0.003  +0.001  +0.001  +0.001  +0.001
70          +0.113  +0.095  +0.063  +0.033  +0.015  +0.008  +0.004  +0.001  +0.001  +0.001  +0.001
75          +0.166  +0.144  +0.109  +0.050  +0.023  +0.012  +0.005  +0.002  +0.001  +0.001  +0.001
80          +0.234  +0.224  +0.189  +0.092  +0.038  +0.019  +0.008  +0.003  +0.002  +0.001  +0.001
85          +0.324  +0.344  +0.311  +0.170  +0.073  +0.033  +0.016  +0.005  +0.003  +0.002  +0.002
90          +0.437  +0.465  +0.460  +0.322  +0.163  +0.066  +0.030  +0.013  +0.007  +0.004  +0.003
95          +0.574  +0.652  +0.673  +0.554  +0.370  +0.199  +0.097  +0.043  +0.020  +0.010  +0.006
96          +0.611  +0.703  +0.716  +0.614  +0.449  +0.248  +0.135  +0.051  +0.026  +0.014  +0.007
97          +0.648  +0.746  +0.776  +0.682  +0.550  +0.306  +0.193  +0.068  +0.034  +0.019  +0.010
98          +0.704  +0.816  +0.859  +0.841  +0.695  +0.402  +0.272  +0.105  +0.051  +0.024  +0.014
99          +0.781  +0.887  +0.947  +0.938  +0.899  +0.543  +0.386  +0.170  +0.089  +0.049  +0.022

saved results\v2.0b_orgrank_2026-06-16\MLB_DEBUT_thresholds_at_p60.csv

--- MLB_DEBUT: per-yip threshold for >=60% precision ---
 yip  threshold  n_above  tp_above  precision   recall  n_total
   0      0.321      505       303      0.600    0.605     3348
   1      0.330      523       314      0.600    0.672     3313
   2      0.298      500       300      0.600    0.737     3249
   3      0.330      305       183      0.600    0.627     3134
   4      0.366      156        94      0.603    0.485     3033
   5      0.420       55        33      0.600    0.317     2943
   6      0.385       30        18      0.600    0.295     2895
   7        nan        0         0        nan      nan     2695
   8        nan        0         0        nan      nan     2501
   9        nan        0         0        nan      nan     2348
  10        nan        0         0        nan      nan     2182

saved results\v2.0b_orgrank_2026-06-16\MLB_DEBUT_per_current_level.csv

--- MLB_DEBUT: performance conditional on current MiLB level ---
 cur_level      n   pos  base%  AU-PR  lift@5  rate@5%  lift@10  rate@10%
      NONE  21294   615   2.89  0.625   15.87    45.82     9.06     26.16
        RK   3752   249   6.64  0.569    9.14    60.64     6.71     44.53
        A-    919   135  14.69  0.537    4.88    71.74     4.00     58.70
         A   1426   247  17.32  0.661    4.96    85.92     4.24     73.43
        A+   1411   251  17.79  0.671    4.75    84.51     4.23     75.18
        AA   1290   320  24.81  0.731    3.97    98.44     3.41     84.50
       AAA   1549   267  17.24  0.711    5.20    89.61     4.27     73.55

saved results\v2.0b_orgrank_2026-06-16\MLB_DEBUT_walkforward.csv

--- MLB_DEBUT: walk-forward by snap_offset ---
offset     n  pos  base%  pred%  AU-PR AU-PR_lift  lift@2    ECE
     0  3348  501  14.96  12.62  0.624       4.17    5.78  0.023
     1  3313  467  14.10  12.94  0.680       4.82    6.77  0.013
     2  3249  407  12.53  12.10  0.717       5.73    7.61  0.010
     3  3134  292   9.32   8.92  0.689       7.39   10.22  0.011
     4  3033  194   6.40   5.94  0.640      10.01   13.84  0.012
     5  2943  104   3.53   3.32  0.511      14.45   16.31  0.006
     6  2895   61   2.11   2.00  0.447      21.23   22.09  0.004
     7  2695   34   1.26   0.85  0.303      24.05   22.02  0.005
     8  2501   13   0.52   0.50  0.198      38.10   26.93  0.001
     9  2348    8   0.34   0.28  0.314      92.22   43.71  0.002
    10  2182    3   0.14   0.17  0.043      31.28   16.53  0.000

saved results\v2.0b_orgrank_2026-06-16\MLB_DEBUT_top_lookback.csv  (634 top-2% rows)

look-back per yip × slab (top 0-2%):
 snap_offset     slab  n  realized     rate
           0           1         1 1.000000
           0 0.0-0.5% 16        15 0.937500
           0 0.5-1.0% 17        14 0.823529
           0 1.0-1.5% 17        16 0.941176
           0 1.5-2.0% 16        12 0.750000
           1 0.0-0.5% 16        16 1.000000
           1 0.5-1.0% 17        17 1.000000
           1 1.0-1.5% 16        15 0.937500
           1 1.5-2.0% 17        15 0.882353
           2           1         0 0.000000
           2 0.0-0.5% 16        16 1.000000
           2 0.5-1.0% 16        16 1.000000
           2 1.0-1.5% 16        16 1.000000
           2 1.5-2.0% 16        14 0.875000
           3           1         1 1.000000
           3 0.0-0.5% 15        15 1.000000
           3 0.5-1.0% 16        16 1.000000
           3 1.0-1.5% 16        15 0.937500
           3 1.5-2.0% 15        13 0.866667
           4           1         0 0.000000
           4 0.0-0.5% 15        15 1.000000
           4 0.5-1.0% 15        15 1.000000
           4 1.0-1.5% 15        14 0.933333
           4 1.5-2.0% 15        10 0.666667
           5           1         0 0.000000
           5 0.0-0.5% 14        14 1.000000
           5 0.5-1.0% 15         9 0.600000
           5 1.0-1.5% 15         8 0.533333
           5 1.5-2.0% 14         3 0.214286
           6           1         1 1.000000
           6 0.0-0.5% 14        10 0.714286
           6 0.5-1.0% 14         7 0.500000
           6 1.0-1.5% 15         2 0.133333
           6 1.5-2.0% 14         7 0.500000
           7           1         0 0.000000
           7 0.0-0.5% 13         5 0.384615
           7 0.5-1.0% 13         3 0.230769
           7 1.0-1.5% 14         4 0.285714
           7 1.5-2.0% 13         3 0.230769
           8 0.0-0.5% 12         4 0.333333
           8 0.5-1.0% 13         1 0.076923
           8 1.0-1.5% 12         0 0.000000
           8 1.5-2.0% 13         2 0.153846
           9           1         0 0.000000
           9 0.0-0.5% 11         4 0.363636
           9 0.5-1.0% 12         1 0.083333
           9 1.0-1.5% 12         2 0.166667
           9 1.5-2.0% 11         0 0.000000
          10           1         0 0.000000
          10 0.0-0.5% 10         1 0.100000
          10 0.5-1.0% 11         0 0.000000
          10 1.0-1.5% 11         0 0.000000
          10 1.5-2.0% 11         0 0.000000

==============================================================================
EVENT: TOP_100_PROSPECT
==============================================================================
  ranking by lasso_score_TOP_100_PROSPECT (range [+0.00, +0.88])
saved results\v2.0b_orgrank_2026-06-16\TOP_100_PROSPECT_pct_slabs.csv

--- realized TOP_100_PROSPECT rate (%) by yip × slab ---
yip             0      1      2      3      4      5
slab                                                
0.0-0.5%     82.4   88.2   87.5   43.8   40.0    6.7
0.5-1.0%     68.8   50.0   43.8   20.0    6.7    0.0
1.0-1.5%     47.1   58.8   23.5   18.8    0.0    0.0
1.5-2.0%     23.5   56.2   18.8    0.0    0.0    0.0
2-3%         36.4   24.2   12.5    6.5    0.0    0.0
3-4%         38.2   11.8   12.1    6.5    0.0    0.0
4-5%         30.3   15.2    6.2    0.0    0.0    0.0
5-10%        11.3    7.3    4.9    0.6    0.7    0.0
10-20%        3.9    2.1    1.2    0.6    0.0    0.0
20-50%        0.9    0.4    0.0    0.0    0.0    0.0
bottom 50%    0.1    0.1    0.0    0.0    0.0    0.0

--- n per cell ---
yip             0      1      2      3      4      5
slab                                                
0.0-0.5%       17     17     16     16     15     15
0.5-1.0%       16     16     16     15     15     14
1.0-1.5%       17     17     17     16     15     15
1.5-2.0%       17     16     16     16     16     15
2-3%           33     33     32     31     30     29
3-4%           34     34     33     31     30     30
4-5%           33     33     32     32     31     29
5-10%         168    165    163    156    151    147
10-20%        335    332    325    314    304    295
20-50%       1004    993    974    940    909    883
bottom 50%   1674   1657   1625   1567   1517   1471

--- score floor per cell ---
yip              0       1       2       3       4       5
slab                                                      
0.0-0.5%    +0.709  +0.623  +0.594  +0.272  +0.101  +0.013
0.5-1.0%    +0.649  +0.521  +0.351  +0.123  +0.043  +0.006
1.0-1.5%    +0.554  +0.416  +0.272  +0.074  +0.025  +0.004
1.5-2.0%    +0.441  +0.361  +0.172  +0.055  +0.016  +0.002
2-3%        +0.301  +0.216  +0.096  +0.035  +0.008  +0.001
3-4%        +0.236  +0.157  +0.067  +0.023  +0.004  +0.001
4-5%        +0.173  +0.117  +0.050  +0.017  +0.003  +0.001
5-10%       +0.060  +0.039  +0.017  +0.003  +0.001  +0.000
10-20%      +0.016  +0.008  +0.003  +0.001  +0.000  +0.000
20-50%      +0.002  +0.001  +0.000  +0.000  +0.000  +0.000
bottom 50%  +0.000  +0.000  +0.000  +0.000  +0.000  +0.000

--- base rate by yip ---
  yip=0: 3.41%
  yip=1: 2.51%
  yip=2: 1.54%
  yip=3: 0.64%
  yip=4: 0.26%
  yip=5: 0.03%

saved results\v2.0b_orgrank_2026-06-16\TOP_100_PROSPECT_cum_above_threshold.csv

--- TOP_100_PROSPECT: rate above score floor (%) by yip × pctile cut [cut p = top (100-p)%] ---
yip             0      1      2      3      4      5
pctile_cut                                          
5             3.6    2.6    1.6    0.7    0.3    0.0
10            3.8    2.8    1.7    0.7    0.3    0.0
15            4.0    2.9    1.8    0.8    0.3    0.0
20            4.3    3.1    1.9    0.8    0.3    0.0
25            4.5    3.3    2.1    0.9    0.4    0.0
30            4.9    3.6    2.2    0.9    0.4    0.0
35            5.2    3.9    2.4    1.0    0.4    0.1
40            5.7    4.2    2.6    1.1    0.4    0.1
45            6.1    4.6    2.8    1.2    0.5    0.1
50            6.8    4.9    3.1    1.3    0.5    0.1
55            7.5    5.5    3.4    1.4    0.6    0.1
60            8.4    6.2    3.8    1.6    0.7    0.1
65            9.6    7.1    4.4    1.8    0.8    0.1
70           11.0    8.1    5.1    2.1    0.9    0.1
75           13.0    9.8    6.2    2.6    1.1    0.1
80           15.5   11.8    7.7    3.2    1.3    0.2
85           19.7   15.1    9.8    4.0    1.8    0.2
90           27.2   21.4   14.2    5.7    2.6    0.3
95           42.9   35.5   23.3   10.8    4.6    0.7
96           46.3   40.6   27.7   13.5    5.7    0.8
97           48.5   50.0   33.7   16.0    7.7    1.1
98           55.2   64.2   43.1   20.6   11.5    1.7
99           76.5   67.6   63.6   31.2   22.6    3.3

--- TOP_100_PROSPECT: n above score floor by yip × pctile cut ---
yip             0      1      2      3      4      5
pctile_cut                                          
5            3180   3147   3086   2977   2881   2795
10           3013   2981   2924   2820   2729   2648
15           2845   2816   2761   2665   2578   2501
20           2678   2650   2599   2507   2426   2354
25           2511   2485   2437   2350   2275   2207
30           2343   2319   2274   2194   2123   2060
35           2176   2153   2112   2037   1971   1913
40           2009   1988   1949   1880   1820   1766
45           1841   1822   1787   1724   1668   1619
50           1674   1657   1625   1567   1517   1472
55           1507   1491   1462   1410   1365   1324
60           1339   1325   1300   1254   1213   1177
65           1172   1160   1137   1097   1062   1030
70           1005    994    975    940    910    883
75            837    829    813    784    759    736
80            670    663    650    627    607    589
85            503    497    488    470    455    442
90            335    332    325    314    304    295
95            168    166    163    157    152    148
96            134    133    130    126    122    118
97            101    100     98     94     91     89
98             67     67     65     63     61     59
99             34     34     33     32     31     30

--- TOP_100_PROSPECT: score floor by yip × pctile cut ---
yip              0       1       2       3       4       5
pctile_cut                                                
5           +0.000  +0.000  +0.000  +0.000  +0.000  +0.000
10          +0.000  +0.000  +0.000  +0.000  +0.000  +0.000
15          +0.000  +0.000  +0.000  +0.000  +0.000  +0.000
20          +0.000  +0.000  +0.000  +0.000  +0.000  +0.000
25          +0.000  +0.000  +0.000  +0.000  +0.000  +0.000
30          +0.000  +0.000  +0.000  +0.000  +0.000  +0.000
35          +0.001  +0.000  +0.000  +0.000  +0.000  +0.000
40          +0.001  +0.000  +0.000  +0.000  +0.000  +0.000
45          +0.001  +0.001  +0.000  +0.000  +0.000  +0.000
50          +0.002  +0.001  +0.000  +0.000  +0.000  +0.000
55          +0.002  +0.001  +0.000  +0.000  +0.000  +0.000
60          +0.003  +0.001  +0.001  +0.000  +0.000  +0.000
65          +0.005  +0.002  +0.001  +0.000  +0.000  +0.000
70          +0.007  +0.003  +0.001  +0.000  +0.000  +0.000
75          +0.011  +0.005  +0.002  +0.001  +0.000  +0.000
80          +0.016  +0.008  +0.003  +0.001  +0.000  +0.000
85          +0.030  +0.018  +0.006  +0.002  +0.000  +0.000
90          +0.060  +0.039  +0.017  +0.003  +0.001  +0.000
95          +0.172  +0.117  +0.049  +0.017  +0.003  +0.001
96          +0.236  +0.156  +0.067  +0.022  +0.004  +0.001
97          +0.297  +0.214  +0.095  +0.034  +0.008  +0.001
98          +0.435  +0.349  +0.171  +0.054  +0.015  +0.002
99          +0.644  +0.506  +0.345  +0.120  +0.042  +0.006

saved results\v2.0b_orgrank_2026-06-16\TOP_100_PROSPECT_walkforward.csv

--- TOP_100_PROSPECT: walk-forward by snap_offset ---
offset     n  pos  base%  pred%  AU-PR AU-PR_lift  lift@2    ECE
     0  3348  114   3.41   3.13  0.507      14.88   16.22  0.007
     1  3313   83   2.51   2.29  0.572      22.84   25.40  0.006
     2  3249   50   1.54   1.38  0.559      36.31   27.99  0.004
     3  3134   20   0.64   0.56  0.375      58.77   32.33  0.001
     4  3033    8   0.26   0.26  0.710     269.36   43.51  0.001
     5  2943    1   0.03   0.05  1.000    2943.00   49.88  0.001
     6  2895    0   0.00    nan    nan        nan     nan    nan
     7  2695    0   0.00    nan    nan        nan     nan    nan
     8  2501    0   0.00    nan    nan        nan     nan    nan
     9  2348    0   0.00    nan    nan        nan     nan    nan
    10  2182    0   0.00    nan    nan        nan     nan    nan

saved results\v2.0b_orgrank_2026-06-16\TOP_100_PROSPECT_top_lookback.csv  (381 top-2% rows)

look-back per yip × slab (top 0-2%):
 snap_offset     slab  n  realized     rate
           0           1         1 1.000000
           0 0.0-0.5% 16        13 0.812500
           0 0.5-1.0% 17        12 0.705882
           0 1.0-1.5% 17         8 0.470588
           0 1.5-2.0% 16         3 0.187500
           1 0.0-0.5% 16        15 0.937500
           1 0.5-1.0% 17         8 0.470588
           1 1.0-1.5% 16         9 0.562500
           1 1.5-2.0% 17        10 0.588235
           2           1         0 0.000000
           2 0.0-0.5% 16        14 0.875000
           2 0.5-1.0% 16         7 0.437500
           2 1.0-1.5% 16         4 0.250000
           2 1.5-2.0% 16         3 0.187500
           3           1         0 0.000000
           3 0.0-0.5% 15         7 0.466667
           3 0.5-1.0% 16         3 0.187500
           3 1.0-1.5% 16         3 0.187500
           3 1.5-2.0% 15         0 0.000000
           4           1         0 0.000000
           4 0.0-0.5% 15         6 0.400000
           4 0.5-1.0% 15         1 0.066667
           4 1.0-1.5% 15         0 0.000000
           4 1.5-2.0% 15         0 0.000000
           5           1         0 0.000000
           5 0.0-0.5% 14         1 0.071429
           5 0.5-1.0% 15         0 0.000000
           5 1.0-1.5% 15         0 0.000000
           5 1.5-2.0% 14         0 0.000000

==============================================================================
EVENT: ESTABLISHED_MLB
==============================================================================
  ranking by lasso_score_ESTABLISHED_MLB (range [+0.00, +0.83])
saved results\v2.0b_orgrank_2026-06-16\ESTABLISHED_MLB_pct_slabs.csv

--- realized ESTABLISHED_MLB rate (%) by yip × slab ---
yip             0      1      2      3      4      5      6      7      8
slab                                                                     
0.0-0.5%     70.6   58.8   68.8   43.8   66.7   20.0    7.1    7.7    7.7
0.5-1.0%     68.8   56.2   43.8   53.3   33.3   14.3   13.3    0.0    0.0
1.0-1.5%     52.9   47.1   52.9   31.2   20.0    6.7    0.0    7.7    0.0
1.5-2.0%     41.2   56.2   43.8   18.8   12.5    6.7    0.0    0.0    0.0
2-3%         30.3   30.3   46.9   32.3    6.7    6.9    3.4    0.0    0.0
3-4%         32.4   41.2   24.2   22.6   26.7   10.0    0.0    0.0    0.0
4-5%         33.3   54.5   31.2   21.9    6.5    0.0    0.0    0.0    0.0
5-10%        28.0   18.8   19.6    9.0    2.6    0.0    0.7    0.0    0.0
10-20%       11.0   11.7    7.7    2.2    0.3    0.0    0.0    0.0    0.0
20-50%        2.8    2.1    0.6    0.4    0.1    0.1    0.0    0.0    0.0
bottom 50%    0.2    0.0    0.0    0.0    0.0    0.0    0.0    0.0    0.0

--- n per cell ---
yip             0      1      2      3      4      5      6      7      8
slab                                                                     
0.0-0.5%       17     17     16     16     15     15     14     13     13
0.5-1.0%       16     16     16     15     15     14     15     14     12
1.0-1.5%       17     17     17     16     15     15     14     13     13
1.5-2.0%       17     16     16     16     16     15     15     14     12
2-3%           33     33     32     31     30     29     29     27     25
3-4%           34     34     33     31     30     30     29     27     25
4-5%           33     33     32     32     31     29     29     27     25
5-10%         168    165    163    156    151    147    145    135    125
10-20%        335    332    325    314    304    295    289    269    250
20-50%       1004    993    974    940    909    883    869    809    750
bottom 50%   1674   1657   1625   1567   1517   1471   1447   1347   1251

--- score floor per cell ---
yip              0       1       2       3       4       5       6       7       8
slab                                                                              
0.0-0.5%    +0.480  +0.530  +0.499  +0.455  +0.431  +0.158  +0.091  +0.020  +0.008
0.5-1.0%    +0.392  +0.458  +0.458  +0.373  +0.306  +0.088  +0.044  +0.012  +0.005
1.0-1.5%    +0.344  +0.406  +0.399  +0.268  +0.195  +0.068  +0.032  +0.009  +0.004
1.5-2.0%    +0.282  +0.371  +0.356  +0.230  +0.138  +0.055  +0.022  +0.007  +0.003
2-3%        +0.233  +0.305  +0.291  +0.171  +0.084  +0.039  +0.014  +0.004  +0.002
3-4%        +0.200  +0.255  +0.220  +0.129  +0.063  +0.023  +0.010  +0.003  +0.002
4-5%        +0.170  +0.216  +0.186  +0.103  +0.047  +0.017  +0.007  +0.003  +0.001
5-10%       +0.099  +0.107  +0.089  +0.039  +0.014  +0.005  +0.002  +0.001  +0.001
10-20%      +0.035  +0.030  +0.019  +0.007  +0.003  +0.002  +0.001  +0.000  +0.000
20-50%      +0.003  +0.002  +0.001  +0.001  +0.000  +0.000  +0.000  +0.000  +0.000
bottom 50%  +0.000  +0.000  +0.000  +0.000  +0.000  +0.000  +0.000  +0.000  +0.000

--- base rate by yip ---
  yip=0: 5.56%
  yip=1: 5.10%
  yip=2: 4.00%
  yip=3: 2.30%
  yip=4: 1.25%
  yip=5: 0.44%
  yip=6: 0.17%
  yip=7: 0.07%
  yip=8: 0.04%

saved results\v2.0b_orgrank_2026-06-16\ESTABLISHED_MLB_cum_above_threshold.csv

--- ESTABLISHED_MLB: rate above score floor (%) by yip × pctile cut [cut p = top (100-p)%] ---
yip             0      1      2      3      4      5      6      7      8
pctile_cut                                                               
5             5.8    5.4    4.2    2.4    1.3    0.5    0.2    0.1    0.0
10            6.2    5.7    4.4    2.6    1.4    0.5    0.2    0.1    0.0
15            6.5    6.0    4.7    2.7    1.5    0.5    0.2    0.1    0.0
20            6.9    6.4    5.0    2.9    1.6    0.6    0.2    0.1    0.0
25            7.4    6.8    5.3    3.1    1.7    0.6    0.2    0.1    0.1
30            7.9    7.3    5.7    3.3    1.8    0.6    0.2    0.1    0.1
35            8.5    7.8    6.2    3.5    1.9    0.7    0.3    0.1    0.1
40            9.3    8.5    6.7    3.8    2.1    0.7    0.3    0.1    0.1
45           10.0    9.3    7.3    4.2    2.3    0.8    0.3    0.1    0.1
50           10.9   10.2    8.0    4.6    2.5    0.9    0.3    0.1    0.1
55           12.1   11.3    8.9    5.1    2.8    1.0    0.4    0.2    0.1
60           13.5   12.7   10.0    5.7    3.1    1.1    0.4    0.2    0.1
65           15.4   14.3   11.4    6.6    3.6    1.3    0.5    0.2    0.1
70           17.4   16.5   13.3    7.6    4.2    1.5    0.6    0.2    0.1
75           19.6   19.3   15.7    8.8    5.0    1.8    0.7    0.3    0.2
80           23.1   22.3   19.1   10.8    6.1    2.0    0.9    0.4    0.2
85           29.0   27.2   24.0   14.3    8.1    2.7    1.1    0.5    0.3
90           35.2   33.1   30.5   19.4   11.8    4.1    1.7    0.7    0.4
95           42.9   47.0   41.7   29.9   21.1    8.1    2.8    1.5    0.8
96           44.8   45.1   43.8   31.7   25.4   10.2    3.4    1.9    1.0
97           48.5   46.0   50.0   35.1   24.2   11.2    4.6    2.5    1.3
98           58.2   55.2   52.3   36.5   32.8   11.9    5.2    3.7    2.0
99           67.6   58.8   54.5   46.9   48.4   20.0   10.3    3.7    3.8

--- ESTABLISHED_MLB: n above score floor by yip × pctile cut ---
yip             0      1      2      3      4      5      6      7      8
pctile_cut                                                               
5            3181   3147   3086   2977   2881   2795   2750   2560   2376
10           3013   2981   2924   2820   2729   2648   2605   2425   2251
15           2845   2816   2761   2664   2578   2501   2460   2290   2126
20           2678   2650   2599   2507   2426   2354   2316   2156   2001
25           2511   2485   2437   2350   2275   2207   2171   2021   1876
30           2343   2319   2274   2194   2123   2060   2026   1886   1751
35           2176   2153   2112   2037   1971   1913   1882   1752   1626
40           2009   1988   1949   1880   1820   1766   1737   1617   1501
45           1841   1822   1787   1724   1668   1619   1592   1482   1376
50           1674   1657   1625   1567   1517   1472   1448   1348   1251
55           1507   1491   1462   1410   1365   1324   1303   1213   1126
60           1339   1325   1300   1254   1213   1177   1158   1078   1001
65           1172   1160   1137   1097   1062   1030   1013    943    876
70           1005    994    975    940    910    883    869    809    751
75            837    829    813    784    759    736    724    674    626
80            670    663    650    627    607    589    579    539    501
85            503    497    488    470    455    442    435    405    376
90            335    332    325    314    304    295    290    270    251
95            168    166    163    157    152    148    145    135    126
96            134    133    130    126    122    118    116    108    101
97            101    100     98     94     91     89     87     81     76
98             67     67     65     63     61     59     58     54     51
99             34     34     33     32     31     30     29     27     26

--- ESTABLISHED_MLB: score floor by yip × pctile cut ---
yip              0       1       2       3       4       5       6       7       8
pctile_cut                                                                        
5           +0.000  +0.000  +0.000  +0.000  +0.000  +0.000  +0.000  +0.000  +0.000
10          +0.000  +0.000  +0.000  +0.000  +0.000  +0.000  +0.000  +0.000  +0.000
15          +0.000  +0.000  +0.000  +0.000  +0.000  +0.000  +0.000  +0.000  +0.000
20          +0.000  +0.000  +0.000  +0.000  +0.000  +0.000  +0.000  +0.000  +0.000
25          +0.000  +0.000  +0.000  +0.000  +0.000  +0.000  +0.000  +0.000  +0.000
30          +0.001  +0.000  +0.000  +0.000  +0.000  +0.000  +0.000  +0.000  +0.000
35          +0.001  +0.001  +0.001  +0.000  +0.000  +0.000  +0.000  +0.000  +0.000
40          +0.001  +0.001  +0.001  +0.001  +0.000  +0.000  +0.000  +0.000  +0.000
45          +0.002  +0.001  +0.001  +0.001  +0.000  +0.000  +0.000  +0.000  +0.000
50          +0.003  +0.002  +0.001  +0.001  +0.000  +0.000  +0.000  +0.000  +0.000
55          +0.004  +0.003  +0.002  +0.001  +0.001  +0.000  +0.000  +0.000  +0.000
60          +0.006  +0.004  +0.002  +0.001  +0.001  +0.000  +0.000  +0.000  +0.000
65          +0.008  +0.006  +0.004  +0.002  +0.001  +0.001  +0.000  +0.000  +0.000
70          +0.012  +0.009  +0.006  +0.003  +0.001  +0.001  +0.000  +0.000  +0.000
75          +0.021  +0.016  +0.010  +0.004  +0.002  +0.001  +0.001  +0.000  +0.000
80          +0.035  +0.030  +0.019  +0.007  +0.003  +0.002  +0.001  +0.000  +0.000
85          +0.054  +0.058  +0.039  +0.016  +0.005  +0.003  +0.001  +0.000  +0.000
90          +0.099  +0.107  +0.089  +0.038  +0.013  +0.005  +0.002  +0.001  +0.001
95          +0.170  +0.215  +0.184  +0.102  +0.047  +0.017  +0.007  +0.002  +0.001
96          +0.198  +0.254  +0.220  +0.128  +0.062  +0.023  +0.010  +0.003  +0.001
97          +0.232  +0.303  +0.287  +0.167  +0.083  +0.038  +0.014  +0.004  +0.002
98          +0.277  +0.369  +0.354  +0.225  +0.138  +0.055  +0.022  +0.006  +0.003
99          +0.390  +0.447  +0.455  +0.360  +0.298  +0.087  +0.043  +0.012  +0.005

saved results\v2.0b_orgrank_2026-06-16\ESTABLISHED_MLB_walkforward.csv

--- ESTABLISHED_MLB: walk-forward by snap_offset ---
offset     n  pos  base%  pred%  AU-PR AU-PR_lift  lift@2    ECE
     0  3348  186   5.56   3.13  0.425       7.65   10.48  0.024
     1  3313  169   5.10   3.45  0.417       8.17   10.69  0.017
     2  3249  130   4.00   3.00  0.447      11.18   13.07  0.011
     3  3134   72   2.30   1.83  0.348      15.15   15.89  0.006
     4  3033   38   1.25   1.11  0.443      35.32   26.17  0.004
     5  2943   13   0.44   0.47  0.145      32.77   26.86  0.002
     6  2895    5   0.17   0.22  0.143      82.51   29.95  0.000
     7  2695    2   0.07   0.06  0.282     380.34   49.91  0.000
     8  2501    1   0.04   0.04  0.500    1250.50   50.02  0.000
     9  2348    0   0.00    nan    nan        nan     nan    nan
    10  2182    0   0.00    nan    nan        nan     nan    nan

saved results\v2.0b_orgrank_2026-06-16\ESTABLISHED_MLB_top_lookback.csv  (543 top-2% rows)

look-back per yip × slab (top 0-2%):
 snap_offset     slab  n  realized     rate
           0           1         0 0.000000
           0 0.0-0.5% 16        11 0.687500
           0 0.5-1.0% 17        12 0.705882
           0 1.0-1.5% 17         9 0.529412
           0 1.5-2.0% 16         7 0.437500
           1 0.0-0.5% 16         9 0.562500
           1 0.5-1.0% 17        10 0.588235
           1 1.0-1.5% 16         8 0.500000
           1 1.5-2.0% 17         9 0.529412
           2           1         0 0.000000
           2 0.0-0.5% 16        11 0.687500
           2 0.5-1.0% 16         7 0.437500
           2 1.0-1.5% 16         9 0.562500
           2 1.5-2.0% 16         7 0.437500
           3           1         0 0.000000
           3 0.0-0.5% 15         7 0.466667
           3 0.5-1.0% 16         8 0.500000
           3 1.0-1.5% 16         5 0.312500
           3 1.5-2.0% 15         3 0.200000
           4           1         0 0.000000
           4 0.0-0.5% 15        10 0.666667
           4 0.5-1.0% 15         5 0.333333
           4 1.0-1.5% 15         3 0.200000
           4 1.5-2.0% 15         2 0.133333
           5           1         0 0.000000
           5 0.0-0.5% 14         3 0.214286
           5 0.5-1.0% 15         2 0.133333
           5 1.0-1.5% 15         1 0.066667
           5 1.5-2.0% 14         1 0.071429
           6           1         0 0.000000
           6 0.0-0.5% 14         1 0.071429
           6 0.5-1.0% 14         2 0.142857
           6 1.0-1.5% 15         0 0.000000
           6 1.5-2.0% 14         0 0.000000
           7           1         0 0.000000
           7 0.0-0.5% 13         1 0.076923
           7 0.5-1.0% 13         0 0.000000
           7 1.0-1.5% 14         1 0.071429
           7 1.5-2.0% 13         0 0.000000
           8 0.0-0.5% 12         1 0.083333
           8 0.5-1.0% 13         0 0.000000
           8 1.0-1.5% 12         0 0.000000
           8 1.5-2.0% 13         0 0.000000

==============================================================================
EVENT: STAR_PLUS_ELITE
==============================================================================
  ranking by lasso_score_STAR_PLUS_ELITE (range [+0.00, +0.63])
saved results\v2.0b_orgrank_2026-06-16\STAR_PLUS_ELITE_pct_slabs.csv

--- realized STAR_PLUS_ELITE rate (%) by yip × slab ---
yip             0      1      2      3      4      5      6      7      8
slab                                                                     
0.0-0.5%     23.5   29.4   43.8   31.2   20.0    0.0    0.0    7.7    7.7
0.5-1.0%     31.2   18.8   12.5   20.0    6.7    0.0    0.0    0.0    0.0
1.0-1.5%      5.9   35.3   47.1    6.2    0.0    0.0    0.0    0.0    0.0
1.5-2.0%     17.6   25.0   25.0    0.0   12.5    0.0    6.7    0.0    0.0
2-3%         12.1   27.3    6.2    3.2    3.3    3.4    0.0    0.0    0.0
3-4%         17.6   14.7    3.0    6.5    3.3    0.0    0.0    0.0    0.0
4-5%          6.1    6.1    9.4    3.1    0.0    3.4    0.0    0.0    0.0
5-10%        10.1    3.6    3.7    0.6    0.7    0.0    0.0    0.0    0.0
10-20%        2.4    1.5    1.2    1.3    0.0    0.0    0.0    0.0    0.0
20-50%        0.6    0.6    0.1    0.0    0.0    0.0    0.0    0.0    0.0
bottom 50%    0.0    0.0    0.0    0.0    0.0    0.0    0.0    0.0    0.0

--- n per cell ---
yip             0      1      2      3      4      5      6      7      8
slab                                                                     
0.0-0.5%       17     17     16     16     15     15     14     13     13
0.5-1.0%       16     16     16     15     15     14     15     14     12
1.0-1.5%       17     17     17     16     15     15     14     13     13
1.5-2.0%       17     16     16     16     16     15     15     14     12
2-3%           33     33     32     31     30     29     29     27     25
3-4%           34     34     33     31     30     30     29     27     25
4-5%           33     33     32     32     31     29     29     27     25
5-10%         168    165    163    156    151    147    145    135    125
10-20%        335    332    325    314    304    295    289    269    250
20-50%       1004    993    974    940    909    883    869    809    750
bottom 50%   1674   1657   1625   1567   1517   1471   1447   1347   1251

--- score floor per cell ---
yip              0       1       2       3       4       5       6       7       8
slab                                                                              
0.0-0.5%    +0.157  +0.171  +0.142  +0.088  +0.063  +0.015  +0.009  +0.003  +0.001
0.5-1.0%    +0.101  +0.122  +0.090  +0.060  +0.036  +0.008  +0.005  +0.002  +0.001
1.0-1.5%    +0.080  +0.102  +0.078  +0.040  +0.020  +0.007  +0.003  +0.001  +0.001
1.5-2.0%    +0.061  +0.087  +0.064  +0.029  +0.013  +0.005  +0.002  +0.001  +0.001
2-3%        +0.049  +0.061  +0.047  +0.019  +0.009  +0.004  +0.002  +0.001  +0.001
3-4%        +0.039  +0.044  +0.031  +0.014  +0.006  +0.003  +0.001  +0.001  +0.000
4-5%        +0.032  +0.031  +0.024  +0.011  +0.005  +0.002  +0.001  +0.001  +0.000
5-10%       +0.015  +0.015  +0.011  +0.005  +0.002  +0.001  +0.001  +0.000  +0.000
10-20%      +0.005  +0.005  +0.003  +0.001  +0.001  +0.000  +0.000  +0.000  +0.000
20-50%      +0.001  +0.000  +0.000  +0.000  +0.000  +0.000  +0.000  +0.000  +0.000
bottom 50%  +0.000  +0.000  +0.000  +0.000  +0.000  +0.000  +0.000  +0.000  +0.000

--- base rate by yip ---
  yip=0: 1.67%
  yip=1: 1.54%
  yip=2: 1.17%
  yip=3: 0.57%
  yip=4: 0.30%
  yip=5: 0.07%
  yip=6: 0.03%
  yip=7: 0.04%
  yip=8: 0.04%

saved results\v2.0b_orgrank_2026-06-16\STAR_PLUS_ELITE_cum_above_threshold.csv

--- STAR_PLUS_ELITE: rate above score floor (%) by yip × pctile cut [cut p = top (100-p)%] ---
yip             0      1      2      3      4      5      6      7      8
pctile_cut                                                               
5             1.8    1.6    1.2    0.6    0.3    0.1    0.0    0.0    0.0
10            1.9    1.7    1.3    0.6    0.3    0.1    0.0    0.0    0.0
15            2.0    1.8    1.4    0.7    0.3    0.1    0.0    0.0    0.0
20            2.1    1.9    1.5    0.7    0.4    0.1    0.0    0.0    0.0
25            2.2    2.1    1.6    0.8    0.4    0.1    0.0    0.0    0.1
30            2.4    2.2    1.7    0.8    0.4    0.1    0.0    0.1    0.1
35            2.6    2.4    1.8    0.9    0.5    0.1    0.1    0.1    0.1
40            2.8    2.6    1.9    1.0    0.5    0.1    0.1    0.1    0.1
45            3.0    2.8    2.1    1.0    0.5    0.1    0.1    0.1    0.1
50            3.3    3.1    2.3    1.1    0.6    0.1    0.1    0.1    0.1
55            3.7    3.4    2.6    1.3    0.7    0.2    0.1    0.1    0.1
60            4.0    3.8    2.8    1.4    0.7    0.2    0.1    0.1    0.1
65            4.6    4.2    3.3    1.6    0.8    0.2    0.1    0.1    0.1
70            5.3    4.9    3.8    1.9    1.0    0.2    0.1    0.1    0.1
75            6.3    5.8    4.6    2.3    1.2    0.3    0.1    0.1    0.2
80            7.5    6.8    5.7    2.9    1.5    0.3    0.2    0.2    0.2
85            9.7    8.9    7.2    3.8    2.0    0.5    0.2    0.2    0.3
90           12.5   12.0   10.2    4.5    3.0    0.7    0.3    0.4    0.4
95           14.9   20.5   16.6    8.3    5.3    1.4    0.7    0.7    0.8
96           17.2   24.1   18.5    9.5    6.6    0.8    0.9    0.9    1.0
97           16.8   27.0   23.5   10.6    7.7    1.1    1.1    1.2    1.3
98           19.4   26.9   32.3   14.3    9.8    0.0    1.7    1.9    2.0
99           26.5   26.5   30.3   28.1   12.9    0.0    0.0    3.7    3.8

--- STAR_PLUS_ELITE: n above score floor by yip × pctile cut ---
yip             0      1      2      3      4      5      6      7      8
pctile_cut                                                               
5            3180   3147   3086   2977   2881   2795   2750   2560   2376
10           3013   2981   2924   2820   2729   2648   2605   2425   2251
15           2845   2816   2761   2664   2578   2501   2460   2290   2126
20           2678   2650   2599   2507   2426   2354   2316   2156   2001
25           2511   2485   2437   2350   2275   2207   2171   2021   1876
30           2343   2319   2274   2194   2123   2060   2026   1886   1751
35           2176   2153   2112   2037   1971   1913   1882   1752   1626
40           2009   1988   1949   1880   1820   1766   1737   1617   1501
45           1841   1822   1787   1724   1668   1619   1593   1482   1376
50           1674   1657   1625   1567   1517   1472   1448   1348   1254
55           1507   1491   1462   1410   1365   1324   1303   1213   1126
60           1339   1325   1300   1254   1213   1177   1158   1078   1001
65           1172   1160   1137   1097   1062   1030   1013    943    876
70           1005    994    975    940    910    883    869    809    751
75            837    829    813    784    759    736    724    674    626
80            670    663    650    627    607    589    579    539    501
85            503    497    488    470    455    442    435    405    376
90            335    332    325    314    304    295    290    270    251
95            168    166    163    157    152    148    145    135    126
96            134    133    130    126    122    118    116    108    101
97            101    100     98     94     91     89     87     81     76
98             67     67     65     63     61     59     58     54     51
99             34     34     33     32     31     30     29     27     26

--- STAR_PLUS_ELITE: score floor by yip × pctile cut ---
yip              0       1       2       3       4       5       6       7       8
pctile_cut                                                                        
5           +0.000  +0.000  +0.000  +0.000  +0.000  +0.000  +0.000  +0.000  +0.000
10          +0.000  +0.000  +0.000  +0.000  +0.000  +0.000  +0.000  +0.000  +0.000
15          +0.000  +0.000  +0.000  +0.000  +0.000  +0.000  +0.000  +0.000  +0.000
20          +0.000  +0.000  +0.000  +0.000  +0.000  +0.000  +0.000  +0.000  +0.000
25          +0.000  +0.000  +0.000  +0.000  +0.000  +0.000  +0.000  +0.000  +0.000
30          +0.000  +0.000  +0.000  +0.000  +0.000  +0.000  +0.000  +0.000  +0.000
35          +0.000  +0.000  +0.000  +0.000  +0.000  +0.000  +0.000  +0.000  +0.000
40          +0.000  +0.000  +0.000  +0.000  +0.000  +0.000  +0.000  +0.000  +0.000
45          +0.000  +0.000  +0.000  +0.000  +0.000  +0.000  +0.000  +0.000  +0.000
50          +0.001  +0.000  +0.000  +0.000  +0.000  +0.000  +0.000  +0.000  +0.000
55          +0.001  +0.001  +0.000  +0.000  +0.000  +0.000  +0.000  +0.000  +0.000
60          +0.001  +0.001  +0.001  +0.000  +0.000  +0.000  +0.000  +0.000  +0.000
65          +0.001  +0.001  +0.001  +0.000  +0.000  +0.000  +0.000  +0.000  +0.000
70          +0.002  +0.002  +0.001  +0.001  +0.000  +0.000  +0.000  +0.000  +0.000
75          +0.003  +0.003  +0.002  +0.001  +0.000  +0.000  +0.000  +0.000  +0.000
80          +0.005  +0.005  +0.003  +0.001  +0.001  +0.000  +0.000  +0.000  +0.000
85          +0.008  +0.008  +0.005  +0.002  +0.001  +0.001  +0.000  +0.000  +0.000
90          +0.015  +0.015  +0.011  +0.005  +0.002  +0.001  +0.001  +0.000  +0.000
95          +0.032  +0.031  +0.023  +0.011  +0.005  +0.002  +0.001  +0.001  +0.000
96          +0.039  +0.043  +0.031  +0.014  +0.006  +0.003  +0.001  +0.001  +0.000
97          +0.049  +0.061  +0.046  +0.019  +0.009  +0.004  +0.002  +0.001  +0.001
98          +0.061  +0.085  +0.064  +0.029  +0.013  +0.005  +0.002  +0.001  +0.001
99          +0.100  +0.121  +0.088  +0.056  +0.035  +0.008  +0.005  +0.002  +0.001

saved results\v2.0b_orgrank_2026-06-16\STAR_PLUS_ELITE_walkforward.csv

--- STAR_PLUS_ELITE: walk-forward by snap_offset ---
offset     n  pos  base%  pred%  AU-PR AU-PR_lift  lift@2    ECE
     0  3348   56   1.67   0.68  0.189      11.32   11.60  0.011
     1  3313   51   1.54   0.69  0.243      15.78   17.72  0.009
     2  3249   38   1.17   0.54  0.354      30.24   27.62  0.006
     3  3134   18   0.57   0.28  0.271      47.17   24.87  0.003
     4  3033    9   0.30   0.16  0.191      64.34   33.15  0.001
     5  2943    2   0.07   0.06  0.013      19.69    0.00  0.000
     6  2895    1   0.03   0.03  0.020      56.76   49.91  0.000
     7  2695    1   0.04   0.01  0.091     245.00   49.91  0.000
     8  2501    1   0.04   0.01  0.083     208.42   50.02  0.000
     9  2348    0   0.00    nan    nan        nan     nan    nan
    10  2182    0   0.00    nan    nan        nan     nan    nan

saved results\v2.0b_orgrank_2026-06-16\STAR_PLUS_ELITE_top_lookback.csv  (543 top-2% rows)

look-back per yip × slab (top 0-2%):
 snap_offset     slab  n  realized     rate
           0           1         0 0.000000
           0 0.0-0.5% 16         4 0.250000
           0 0.5-1.0% 17         5 0.294118
           0 1.0-1.5% 17         1 0.058824
           0 1.5-2.0% 16         3 0.187500
           1 0.0-0.5% 16         5 0.312500
           1 0.5-1.0% 17         3 0.176471
           1 1.0-1.5% 16         5 0.312500
           1 1.5-2.0% 17         5 0.294118
           2           1         0 0.000000
           2 0.0-0.5% 16         7 0.437500
           2 0.5-1.0% 16         2 0.125000
           2 1.0-1.5% 16         8 0.500000
           2 1.5-2.0% 16         4 0.250000
           3           1         0 0.000000
           3 0.0-0.5% 15         5 0.333333
           3 0.5-1.0% 16         3 0.187500
           3 1.0-1.5% 16         1 0.062500
           3 1.5-2.0% 15         0 0.000000
           4           1         0 0.000000
           4 0.0-0.5% 15         3 0.200000
           4 0.5-1.0% 15         1 0.066667
           4 1.0-1.5% 15         0 0.000000
           4 1.5-2.0% 15         2 0.133333
           5           1         0 0.000000
           5 0.0-0.5% 14         0 0.000000
           5 0.5-1.0% 15         0 0.000000
           5 1.0-1.5% 15         0 0.000000
           5 1.5-2.0% 14         0 0.000000
           6           1         0 0.000000
           6 0.0-0.5% 14         0 0.000000
           6 0.5-1.0% 14         0 0.000000
           6 1.0-1.5% 15         0 0.000000
           6 1.5-2.0% 14         1 0.071429
           7           1         0 0.000000
           7 0.0-0.5% 13         1 0.076923
           7 0.5-1.0% 13         0 0.000000
           7 1.0-1.5% 14         0 0.000000
           7 1.5-2.0% 13         0 0.000000
           8 0.0-0.5% 12         1 0.083333
           8 0.5-1.0% 13         0 0.000000
           8 1.0-1.5% 12         0 0.000000
           8 1.5-2.0% 13         0 0.000000
