validate_full.py  prefix=v2.0b_partial  out_dir=results\v2.0b_partial_2026-06-18
  long=results/training/v2.0b_partial_oof_val_long.csv
  lasso=None
  lasso_bundle=None
  model_b=None
  db=prospects_snapshot.db
  date=2026-06-18

scored val (joint XGBoost): 34,164 rows, 3,523 players
  xgb events: ['TOP_100_PROSPECT', 'MLB_DEBUT', 'ESTABLISHED_MLB', 'STAR_PLUS_ELITE']

==============================================================================
EVENT: MLB_DEBUT
==============================================================================
  ranking by lasso_score_MLB_DEBUT (range [+0.00, +0.98])
saved results\v2.0b_partial_2026-06-18\MLB_DEBUT_pct_slabs.csv

--- realized MLB_DEBUT rate (%) by yip × slab ---
yip            0      1      2      3      4      5      6      7      8      9      10
slab                                                                                   
0.0-0.5%     77.8  100.0  100.0  100.0  100.0   75.0   62.5   53.3   28.6   38.5    0.0
0.5-1.0%     76.5  100.0  100.0  100.0   94.1   50.0   43.8   46.7   21.4    7.7    0.0
1.0-1.5%     77.8   70.6   94.1   88.2   68.8   31.2   18.8    7.1    0.0    0.0    0.0
1.5-2.0%     76.5   77.8   72.2   82.4   43.8   18.8   26.7   13.3    7.7    0.0    8.3
2-3%         69.4   58.8   58.8   42.4   33.3   25.0   15.6    6.7    3.6    3.8    4.2
3-4%         74.3   48.6   58.8   52.9   33.3   12.5   12.5    6.7    7.1    0.0    0.0
4-5%         62.9   62.9   68.6   39.4   24.2    9.4    3.2    6.9    3.7    0.0    0.0
5-10%        36.4   44.3   35.7   29.8   17.2   11.2    3.8    0.7    0.7    0.0    0.0
10-20%       25.5   20.7   19.5    9.6    6.1    2.5    0.9    0.3    0.0    0.4    0.0
20-50%        7.9    5.8    3.9    2.3    1.5    0.6    0.5    0.2    0.2    0.0    0.1
bottom 50%    1.4    1.0    0.5    0.3    0.2    0.1    0.0    0.0    0.0    0.0    0.0

--- n per cell ---
yip            0      1      2      3      4      5      6      7      8      9      10
slab                                                                                   
0.0-0.5%       18     17     17     17     16     16     16     15     14     13     12
0.5-1.0%       17     18     17     16     17     16     16     15     14     13     12
1.0-1.5%       18     17     17     17     16     16     16     14     14     13     12
1.5-2.0%       17     18     18     17     16     16     15     15     13     13     12
2-3%           36     34     34     33     33     32     32     30     28     26     24
3-4%           35     35     34     34     33     32     32     30     28     26     24
4-5%           35     35     35     33     33     32     31     29     27     26     24
5-10%         176    174    171    168    163    160    159    148    139    129    121
10-20%        353    348    344    334    328    321    317    297    276    260    241
20-50%       1057   1044   1029   1004    981    961    951    889    831    777    722
bottom 50%   1761   1741   1717   1673   1637   1602   1585   1483   1383   1297   1205

--- score floor per cell ---
yip             0       1       2       3       4       5       6       7       8       9       10
slab                                                                                              
0.0-0.5%    +0.785  +0.940  +0.964  +0.957  +0.940  +0.602  +0.464  +0.325  +0.218  +0.088  +0.062
0.5-1.0%    +0.737  +0.814  +0.928  +0.929  +0.767  +0.443  +0.312  +0.195  +0.105  +0.051  +0.037
1.0-1.5%    +0.700  +0.742  +0.853  +0.739  +0.642  +0.330  +0.237  +0.142  +0.064  +0.031  +0.030
1.5-2.0%    +0.659  +0.696  +0.728  +0.662  +0.520  +0.293  +0.198  +0.111  +0.052  +0.022  +0.023
2-3%        +0.571  +0.632  +0.645  +0.577  +0.414  +0.246  +0.141  +0.072  +0.033  +0.016  +0.012
3-4%        +0.524  +0.567  +0.601  +0.499  +0.326  +0.183  +0.104  +0.059  +0.025  +0.011  +0.009
4-5%        +0.472  +0.527  +0.536  +0.430  +0.276  +0.153  +0.072  +0.034  +0.019  +0.009  +0.008
5-10%       +0.327  +0.323  +0.310  +0.218  +0.119  +0.047  +0.022  +0.010  +0.007  +0.004  +0.003
10-20%      +0.159  +0.134  +0.102  +0.044  +0.020  +0.010  +0.005  +0.003  +0.003  +0.002  +0.001
20-50%      +0.030  +0.017  +0.010  +0.004  +0.002  +0.002  +0.001  +0.001  +0.001  +0.001  +0.000
bottom 50%  +0.001  +0.001  +0.000  +0.000  +0.000  +0.000  +0.000  +0.000  +0.000  +0.000  +0.000

--- base rate by yip ---
  yip=0: 11.01%
  yip=1: 10.00%
  yip=2: 8.86%
  yip=3: 6.49%
  yip=4: 4.46%
  yip=5: 2.40%
  yip=6: 1.51%
  yip=7: 0.94%
  yip=8: 0.54%
  yip=9: 0.31%
  yip=10: 0.12%

saved results\v2.0b_partial_2026-06-18\MLB_DEBUT_cum_above_threshold.csv

--- MLB_DEBUT: rate above score floor (%) by yip × pctile cut [cut p = top (100-p)%] ---
yip            0      1      2      3      4      5      6      7      8      9      10
pctile_cut                                                                             
5            11.6   10.5    9.3    6.8    4.7    2.5    1.6    1.0    0.6    0.3    0.1
10           12.2   11.1    9.8    7.2    4.9    2.7    1.7    1.0    0.6    0.3    0.1
15           12.9   11.7   10.4    7.6    5.2    2.8    1.8    1.1    0.6    0.4    0.1
20           13.6   12.4   11.0    8.1    5.5    3.0    1.9    1.2    0.7    0.4    0.2
25           14.5   13.2   11.7    8.6    5.9    3.1    2.0    1.3    0.7    0.4    0.2
30           15.5   14.1   12.5    9.1    6.3    3.3    2.2    1.3    0.8    0.4    0.2
35           16.5   15.1   13.4    9.8    6.8    3.6    2.3    1.5    0.8    0.5    0.2
40           17.6   16.3   14.3   10.7    7.3    3.9    2.5    1.6    0.9    0.5    0.2
45           19.1   17.6   15.6   11.5    7.9    4.3    2.8    1.7    1.0    0.6    0.2
50           20.7   19.0   17.2   12.7    8.7    4.7    3.0    1.9    1.1    0.6    0.2
55           22.8   20.9   18.9   14.1    9.6    5.2    3.3    2.1    1.2    0.7    0.3
60           25.1   23.0   21.0   15.8   10.8    5.9    3.7    2.4    1.4    0.8    0.3
65           27.9   25.8   23.8   17.8   12.1    6.4    4.2    2.6    1.5    0.9    0.4
70           30.9   29.3   27.2   20.6   13.8    7.4    4.8    3.0    1.7    1.0    0.4
75           34.4   33.9   31.4   23.9   16.1    8.9    5.4    3.5    1.9    1.2    0.5
80           39.9   38.7   37.1   28.2   19.5   10.8    6.8    4.4    2.3    1.5    0.4
85           45.4   46.1   44.7   35.5   24.2   14.1    8.6    5.6    3.1    1.8    0.6
90           54.4   56.7   54.9   46.9   32.9   19.0   12.6    8.4    4.7    2.7    0.8
95           72.3   69.1   73.8   64.3   48.8   26.7   21.4   16.1    8.6    5.4    1.7
96           74.5   70.0   75.4   70.1   55.0   31.0   26.0   18.5    9.9    6.7    2.1
97           74.5   78.1   80.6   76.2   61.6   37.1   30.2   22.5   10.8    9.0    2.7
98           77.5   87.1   91.3   92.5   75.8   44.6   37.5   30.0   14.3   11.5    2.0
99           75.0  100.0  100.0  100.0   97.0   60.6   53.1   50.0   25.0   23.1    0.0

--- MLB_DEBUT: n above score floor by yip × pctile cut ---
yip            0      1      2      3      4      5      6      7      8      9      10
pctile_cut                                                                             
5            3346   3307   3261   3178   3109   3043   3011   2816   2628   2463   2288
10           3170   3133   3089   3011   2945   2883   2853   2668   2490   2333   2168
15           2994   2959   2918   2844   2782   2723   2694   2520   2352   2204   2051
20           2818   2785   2746   2677   2618   2563   2536   2372   2213   2074   1927
25           2642   2611   2575   2509   2455   2403   2377   2224   2075   1945   1807
30           2466   2437   2403   2342   2291   2243   2219   2075   1937   1815   1686
35           2290   2263   2231   2175   2127   2082   2060   1927   1798   1685   1566
40           2114   2089   2060   2008   1964   1922   1902   1779   1660   1556   1445
45           1938   1915   1888   1840   1800   1762   1743   1631   1522   1426   1325
50           1762   1741   1717   1673   1637   1602   1585   1483   1384   1297   1205
55           1585   1567   1545   1506   1473   1442   1427   1334   1245   1167   1084
60           1409   1393   1373   1339   1309   1282   1268   1186   1107   1037    964
65           1233   1219   1202   1171   1146   1122   1110   1038    969    908    843
70           1057   1045   1030   1004    982    961    951    890    830    778    723
75            881    871    859    837    819    801    793    742    692    649    603
80            705    697    687    670    655    641    634    593    554    519    482
85            529    523    515    502    491    481    476    445    415    389    362
90            353    349    344    335    328    321    317    297    277    260    241
95            177    175    172    168    164    161    159    149    139    130    121
96            141    140    138    134    131    129    127    119    111    104     97
97            106    105    103    101     99     97     96     89     83     78     73
98             71     70     69     67     66     65     64     60     56     52     49
99             36     35     35     34     33     33     32     30     28     26     25

--- MLB_DEBUT: score floor by yip × pctile cut ---
yip             0       1       2       3       4       5       6       7       8       9       10
pctile_cut                                                                                        
5           +0.002  +0.001  +0.001  +0.001  +0.000  +0.000  +0.000  +0.000  +0.000  +0.000  +0.000
10          +0.003  +0.002  +0.001  +0.001  +0.001  +0.000  +0.000  +0.000  +0.000  +0.000  +0.000
15          +0.004  +0.002  +0.001  +0.001  +0.001  +0.001  +0.000  +0.000  +0.000  +0.000  +0.000
20          +0.005  +0.003  +0.002  +0.001  +0.001  +0.001  +0.000  +0.000  +0.000  +0.000  +0.000
25          +0.008  +0.004  +0.002  +0.001  +0.001  +0.001  +0.000  +0.000  +0.000  +0.000  +0.000
30          +0.010  +0.005  +0.003  +0.002  +0.001  +0.001  +0.001  +0.000  +0.000  +0.000  +0.000
35          +0.014  +0.007  +0.004  +0.002  +0.001  +0.001  +0.001  +0.001  +0.000  +0.000  +0.000
40          +0.018  +0.009  +0.005  +0.002  +0.002  +0.001  +0.001  +0.001  +0.001  +0.000  +0.000
45          +0.023  +0.012  +0.007  +0.003  +0.002  +0.001  +0.001  +0.001  +0.001  +0.000  +0.000
50          +0.030  +0.017  +0.010  +0.004  +0.002  +0.002  +0.001  +0.001  +0.001  +0.001  +0.000
55          +0.039  +0.023  +0.013  +0.005  +0.003  +0.002  +0.001  +0.001  +0.001  +0.001  +0.001
60          +0.050  +0.033  +0.017  +0.007  +0.003  +0.002  +0.002  +0.001  +0.001  +0.001  +0.001
65          +0.064  +0.046  +0.023  +0.009  +0.005  +0.003  +0.002  +0.001  +0.001  +0.001  +0.001
70          +0.085  +0.062  +0.034  +0.014  +0.007  +0.004  +0.002  +0.002  +0.001  +0.001  +0.001
75          +0.114  +0.087  +0.058  +0.024  +0.011  +0.006  +0.003  +0.002  +0.002  +0.001  +0.001
80          +0.159  +0.134  +0.102  +0.044  +0.020  +0.010  +0.005  +0.003  +0.003  +0.002  +0.001
85          +0.224  +0.203  +0.184  +0.097  +0.042  +0.020  +0.010  +0.005  +0.004  +0.003  +0.002
90          +0.327  +0.323  +0.308  +0.218  +0.119  +0.047  +0.021  +0.010  +0.007  +0.004  +0.003
95          +0.472  +0.526  +0.534  +0.429  +0.275  +0.152  +0.072  +0.034  +0.019  +0.009  +0.008
96          +0.523  +0.566  +0.599  +0.498  +0.326  +0.183  +0.104  +0.058  +0.024  +0.011  +0.009
97          +0.568  +0.632  +0.645  +0.574  +0.411  +0.245  +0.140  +0.072  +0.032  +0.015  +0.012
98          +0.658  +0.694  +0.727  +0.661  +0.519  +0.287  +0.195  +0.110  +0.051  +0.022  +0.022
99          +0.735  +0.807  +0.926  +0.925  +0.745  +0.441  +0.299  +0.194  +0.101  +0.050  +0.036

saved results\v2.0b_partial_2026-06-18\MLB_DEBUT_thresholds_at_p70.csv

--- MLB_DEBUT: per-yip threshold for >=70% precision ---
 yip  threshold  n_above  tp_above  precision   recall  n_total
   0      0.451      202       142      0.703    0.366     3523
   1      0.533      170       119      0.700    0.342     3481
   2      0.479      208       146      0.702    0.480     3433
   3      0.499      134        94      0.701    0.433     3346
   4      0.514       72        51      0.708    0.349     3273
   5      0.481       27        19      0.704    0.247     3204
   6      0.556       11         8      0.727    0.167     3170
   7        nan        0         0        nan      nan     2965
   8        nan        0         0        nan      nan     2767
   9        nan        0         0        nan      nan     2593
  10        nan        0         0        nan      nan     2409

saved results\v2.0b_partial_2026-06-18\MLB_DEBUT_per_current_level.csv

--- MLB_DEBUT: performance conditional on current MiLB level ---
 cur_level      n   pos  base%  AU-PR  lift@5  rate@5%  lift@10  rate@10%
      NONE  23037   169   0.73  0.434   13.96    10.24     7.99      5.86
        RK   3928   240   6.11  0.523    9.35    57.14     6.66     40.71
        A-    987   125  12.66  0.508    5.48    69.39     4.31     54.55
         A   1503   237  15.77  0.629    4.99    78.67     4.48     70.67
        A+   1510   241  15.96  0.631    5.36    85.53     4.40     70.20
        AA   1390   306  22.01  0.657    4.09    90.00     3.53     77.70
       AAA   1809   264  14.59  0.577    5.18    75.56     3.98     58.01

saved results\v2.0b_partial_2026-06-18\MLB_DEBUT_walkforward.csv

--- MLB_DEBUT: walk-forward by snap_offset ---
offset     n  pos  base%  pred%  AU-PR AU-PR_lift  lift@2    ECE
     0  3523  388  11.01  10.17  0.539       4.89    7.00  0.012
     1  3481  348  10.00   9.52  0.597       5.97    8.72  0.007
     2  3433  304   8.86   8.78  0.649       7.32   10.31  0.011
     3  3346  217   6.49   6.46  0.646       9.95   14.27  0.008
     4  3273  146   4.46   4.35  0.581      13.02   17.24  0.009
     5  3204   77   2.40   2.47  0.434      18.07   18.20  0.005
     6  3170   48   1.51   1.53  0.436      28.80   25.16  0.002
     7  2965   28   0.94   0.92  0.383      40.51   32.31  0.003
     8  2767   15   0.54   0.59  0.258      47.53   26.83  0.001
     9  2593    8   0.31   0.33  0.231      74.97   37.40  0.001
    10  2409    3   0.12   0.27  0.019      15.10   16.73  0.001

saved results\v2.0b_partial_2026-06-18\MLB_DEBUT_top_lookback.csv  (682 top-2% rows)

look-back per yip × slab (top 0-2%):
 snap_offset     slab  n  realized     rate
           0 0.0-0.5% 17        13 0.764706
           0 0.5-1.0% 18        14 0.777778
           0 1.0-1.5% 17        13 0.764706
           0 1.5-2.0% 18        14 0.777778
           1           1         1 1.000000
           1 0.0-0.5% 17        17 1.000000
           1 0.5-1.0% 17        17 1.000000
           1 1.0-1.5% 18        13 0.722222
           1 1.5-2.0% 17        13 0.764706
           2           1         0 0.000000
           2 0.0-0.5% 17        17 1.000000
           2 0.5-1.0% 17        17 1.000000
           2 1.0-1.5% 17        16 0.941176
           2 1.5-2.0% 17        13 0.764706
           3           1         1 1.000000
           3 0.0-0.5% 16        16 1.000000
           3 0.5-1.0% 17        17 1.000000
           3 1.0-1.5% 17        15 0.882353
           3 1.5-2.0% 16        13 0.812500
           4 0.0-0.5% 16        16 1.000000
           4 0.5-1.0% 16        15 0.937500
           4 1.0-1.5% 17        12 0.705882
           4 1.5-2.0% 16         7 0.437500
           5 0.0-0.5% 16        12 0.750000
           5 0.5-1.0% 16         8 0.500000
           5 1.0-1.5% 16         5 0.312500
           5 1.5-2.0% 16         3 0.187500
           6 0.0-0.5% 15         9 0.600000
           6 0.5-1.0% 16         8 0.500000
           6 1.0-1.5% 16         3 0.187500
           6 1.5-2.0% 16         4 0.250000
           7 0.0-0.5% 14         7 0.500000
           7 0.5-1.0% 15         8 0.533333
           7 1.0-1.5% 15         1 0.066667
           7 1.5-2.0% 15         2 0.133333
           8 0.0-0.5% 13         4 0.307692
           8 0.5-1.0% 14         3 0.214286
           8 1.0-1.5% 14         0 0.000000
           8 1.5-2.0% 14         1 0.071429
           9           1         0 0.000000
           9 0.0-0.5% 12         4 0.333333
           9 0.5-1.0% 13         2 0.153846
           9 1.0-1.5% 13         0 0.000000
           9 1.5-2.0% 13         0 0.000000
          10 0.0-0.5% 12         0 0.000000
          10 0.5-1.0% 12         0 0.000000
          10 1.0-1.5% 12         0 0.000000
          10 1.5-2.0% 12         1 0.083333

==============================================================================
EVENT: TOP_100_PROSPECT
==============================================================================
  ranking by lasso_score_TOP_100_PROSPECT (range [+0.00, +0.90])
saved results\v2.0b_partial_2026-06-18\TOP_100_PROSPECT_pct_slabs.csv

--- realized TOP_100_PROSPECT rate (%) by yip × slab ---
yip             0      1      2      3      4      5
slab                                                
0.0-0.5%     77.8   94.1   88.2   58.8   37.5    6.2
0.5-1.0%     64.7   61.1   35.3    6.2    0.0    0.0
1.0-1.5%     33.3   23.5   29.4    5.9    0.0    0.0
1.5-2.0%     52.9   33.3   11.1    5.9    0.0    0.0
2-3%         38.9   26.5    5.9    3.0    0.0    0.0
3-4%         17.1    8.6   17.6    2.9    3.0    0.0
4-5%         17.1   11.4    0.0    0.0    0.0    0.0
5-10%         8.0    5.7    1.8    0.6    0.0    0.0
10-20%        3.7    0.6    0.6    0.3    0.0    0.0
20-50%        0.3    0.2    0.0    0.0    0.0    0.0
bottom 50%    0.1    0.0    0.0    0.0    0.0    0.0

--- n per cell ---
yip             0      1      2      3      4      5
slab                                                
0.0-0.5%       18     17     17     17     16     16
0.5-1.0%       17     18     17     16     17     16
1.0-1.5%       18     17     17     17     16     16
1.5-2.0%       17     18     18     17     16     16
2-3%           36     34     34     33     33     32
3-4%           35     35     34     34     33     32
4-5%           35     35     35     33     33     32
5-10%         176    174    171    168    163    160
10-20%        353    348    344    334    328    321
20-50%       1057   1044   1029   1004    981    961
bottom 50%   1761   1741   1717   1673   1637   1602

--- score floor per cell ---
yip              0       1       2       3       4       5
slab                                                      
0.0-0.5%    +0.723  +0.672  +0.443  +0.265  +0.161  +0.010
0.5-1.0%    +0.661  +0.541  +0.272  +0.100  +0.041  +0.003
1.0-1.5%    +0.574  +0.388  +0.196  +0.059  +0.021  +0.001
1.5-2.0%    +0.488  +0.298  +0.125  +0.043  +0.010  +0.001
2-3%        +0.268  +0.176  +0.081  +0.027  +0.004  +0.001
3-4%        +0.176  +0.106  +0.052  +0.012  +0.002  +0.000
4-5%        +0.139  +0.081  +0.035  +0.008  +0.001  +0.000
5-10%       +0.053  +0.023  +0.007  +0.001  +0.000  +0.000
10-20%      +0.014  +0.003  +0.001  +0.000  +0.000  +0.000
20-50%      +0.001  +0.000  +0.000  +0.000  +0.000  +0.000
bottom 50%  +0.000  +0.000  +0.000  +0.000  +0.000  +0.000

--- base rate by yip ---
  yip=0: 2.75%
  yip=1: 1.92%
  yip=2: 1.19%
  yip=3: 0.51%
  yip=4: 0.21%
  yip=5: 0.03%

saved results\v2.0b_partial_2026-06-18\TOP_100_PROSPECT_cum_above_threshold.csv

--- TOP_100_PROSPECT: rate above score floor (%) by yip × pctile cut [cut p = top (100-p)%] ---
yip             0      1      2      3      4      5
pctile_cut                                          
5             2.9    2.0    1.3    0.5    0.2    0.0
10            3.1    2.1    1.3    0.6    0.2    0.0
15            3.2    2.3    1.4    0.6    0.3    0.0
20            3.4    2.4    1.5    0.6    0.3    0.0
25            3.7    2.6    1.6    0.7    0.3    0.0
30            3.9    2.7    1.7    0.7    0.3    0.0
35            4.2    3.0    1.8    0.8    0.3    0.0
40            4.5    3.2    2.0    0.8    0.4    0.1
45            5.0    3.5    2.2    0.9    0.4    0.1
50            5.4    3.8    2.4    1.0    0.4    0.1
55            6.1    4.2    2.7    1.1    0.5    0.1
60            6.8    4.7    3.0    1.3    0.5    0.1
65            7.8    5.4    3.4    1.5    0.6    0.1
70            9.1    6.2    4.0    1.7    0.7    0.1
75           10.8    7.5    4.8    2.0    0.9    0.1
80           13.2    9.3    6.0    2.5    1.1    0.2
85           17.0   12.4    7.8    3.4    1.4    0.2
90           22.7   18.1   11.3    4.8    2.1    0.3
95           37.3   30.3   20.9    8.9    4.3    0.6
96           42.6   35.0   26.1   11.2    5.3    0.8
97           50.9   43.8   29.1   13.9    7.1    1.0
98           57.7   52.9   40.6   19.4    9.1    1.5
99           69.4   77.1   60.0   32.4   18.2    3.0

--- TOP_100_PROSPECT: n above score floor by yip × pctile cut ---
yip             0      1      2      3      4      5
pctile_cut                                          
5            3346   3307   3261   3178   3109   3043
10           3170   3133   3089   3011   2945   2883
15           2994   2959   2918   2844   2782   2723
20           2818   2785   2746   2677   2618   2563
25           2642   2611   2575   2509   2455   2403
30           2466   2437   2403   2342   2291   2243
35           2290   2263   2231   2175   2127   2082
40           2114   2089   2060   2008   1964   1922
45           1938   1915   1888   1840   1800   1762
50           1762   1741   1717   1673   1637   1602
55           1585   1567   1545   1506   1473   1442
60           1409   1393   1373   1339   1309   1282
65           1233   1219   1202   1171   1146   1122
70           1057   1045   1030   1006    982    961
75            881    871    859    837    819    801
80            705    697    687    670    655    641
85            529    523    515    502    491    481
90            353    349    344    335    328    321
95            177    175    172    168    164    161
96            141    140    138    134    131    129
97            106    105    103    101     99     97
98             71     70     69     67     66     65
99             36     35     35     34     33     33

--- TOP_100_PROSPECT: score floor by yip × pctile cut ---
yip              0       1       2       3       4       5
pctile_cut                                                
5           +0.000  +0.000  +0.000  +0.000  +0.000  +0.000
10          +0.000  +0.000  +0.000  +0.000  +0.000  +0.000
15          +0.000  +0.000  +0.000  +0.000  +0.000  +0.000
20          +0.000  +0.000  +0.000  +0.000  +0.000  +0.000
25          +0.000  +0.000  +0.000  +0.000  +0.000  +0.000
30          +0.000  +0.000  +0.000  +0.000  +0.000  +0.000
35          +0.001  +0.000  +0.000  +0.000  +0.000  +0.000
40          +0.001  +0.000  +0.000  +0.000  +0.000  +0.000
45          +0.001  +0.000  +0.000  +0.000  +0.000  +0.000
50          +0.001  +0.000  +0.000  +0.000  +0.000  +0.000
55          +0.002  +0.000  +0.000  +0.000  +0.000  +0.000
60          +0.002  +0.000  +0.000  +0.000  +0.000  +0.000
65          +0.003  +0.001  +0.000  +0.000  +0.000  +0.000
70          +0.005  +0.001  +0.000  +0.000  +0.000  +0.000
75          +0.008  +0.001  +0.001  +0.000  +0.000  +0.000
80          +0.014  +0.003  +0.001  +0.000  +0.000  +0.000
85          +0.030  +0.007  +0.002  +0.000  +0.000  +0.000
90          +0.053  +0.023  +0.007  +0.001  +0.000  +0.000
95          +0.139  +0.079  +0.035  +0.007  +0.001  +0.000
96          +0.175  +0.104  +0.051  +0.012  +0.002  +0.000
97          +0.266  +0.174  +0.081  +0.025  +0.004  +0.001
98          +0.481  +0.297  +0.125  +0.042  +0.008  +0.001
99          +0.641  +0.538  +0.270  +0.098  +0.040  +0.003

saved results\v2.0b_partial_2026-06-18\TOP_100_PROSPECT_walkforward.csv

--- TOP_100_PROSPECT: walk-forward by snap_offset ---
offset     n  pos  base%  pred%  AU-PR AU-PR_lift  lift@2    ECE
     0  3523   97   2.75   2.93  0.506      18.39   20.75  0.003
     1  3481   67   1.92   1.86  0.607      31.53   27.46  0.003
     2  3433   41   1.19   1.04  0.636      53.28   33.98  0.003
     3  3346   17   0.51   0.45  0.473      93.14   38.19  0.002
     4  3273    7   0.21   0.22  0.630     294.52   43.16  0.001
     5  3204    1   0.03   0.03  1.000    3204.00   50.06  0.000
     6  3170    0   0.00    nan    nan        nan     nan    nan
     7  2965    0   0.00    nan    nan        nan     nan    nan
     8  2767    0   0.00    nan    nan        nan     nan    nan
     9  2593    0   0.00    nan    nan        nan     nan    nan
    10  2409    0   0.00    nan    nan        nan     nan    nan

saved results\v2.0b_partial_2026-06-18\TOP_100_PROSPECT_top_lookback.csv  (405 top-2% rows)

look-back per yip × slab (top 0-2%):
 snap_offset     slab  n  realized     rate
           0 0.0-0.5% 17        13 0.764706
           0 0.5-1.0% 18        12 0.666667
           0 1.0-1.5% 17         6 0.352941
           0 1.5-2.0% 18         9 0.500000
           1           1         0 0.000000
           1 0.0-0.5% 17        16 0.941176
           1 0.5-1.0% 17        11 0.647059
           1 1.0-1.5% 18         4 0.222222
           1 1.5-2.0% 17         6 0.352941
           2           1         0 0.000000
           2 0.0-0.5% 17        15 0.882353
           2 0.5-1.0% 17         6 0.352941
           2 1.0-1.5% 17         5 0.294118
           2 1.5-2.0% 17         2 0.117647
           3           1         0 0.000000
           3 0.0-0.5% 16         9 0.562500
           3 0.5-1.0% 17         2 0.117647
           3 1.0-1.5% 17         1 0.058824
           3 1.5-2.0% 16         1 0.062500
           4 0.0-0.5% 16         6 0.375000
           4 0.5-1.0% 16         0 0.000000
           4 1.0-1.5% 17         0 0.000000
           4 1.5-2.0% 16         0 0.000000
           5 0.0-0.5% 16         1 0.062500
           5 0.5-1.0% 16         0 0.000000
           5 1.0-1.5% 16         0 0.000000
           5 1.5-2.0% 16         0 0.000000

==============================================================================
EVENT: ESTABLISHED_MLB
==============================================================================
  ranking by lasso_score_ESTABLISHED_MLB (range [+0.00, +0.75])
saved results\v2.0b_partial_2026-06-18\ESTABLISHED_MLB_pct_slabs.csv

--- realized ESTABLISHED_MLB rate (%) by yip × slab ---
yip             0      1      2      3      4      5      6      7      8
slab                                                                     
0.0-0.5%     22.2   47.1   47.1   41.2   56.2   18.8    6.2    6.7    7.1
0.5-1.0%     41.2   38.9   52.9   37.5    5.9    6.2    6.2    0.0    0.0
1.0-1.5%     44.4   29.4   23.5   17.6    6.2    6.2    0.0    0.0    0.0
1.5-2.0%     35.3   50.0   33.3   11.8    6.2    6.2    0.0    0.0    0.0
2-3%         22.2   23.5   26.5   21.2    9.1    0.0    0.0    0.0    0.0
3-4%         22.9   11.4   26.5   20.6    0.0    0.0    0.0    0.0    0.0
4-5%         20.0   20.0    5.7    6.1    3.0    0.0    0.0    0.0    0.0
5-10%        17.6   12.6    9.4    2.4    1.8    0.0    0.6    0.0    0.0
10-20%        6.2    4.0    1.5    0.0    0.0    0.0    0.0    0.0    0.0
20-50%        0.7    0.6    0.1    0.0    0.0    0.0    0.0    0.0    0.0
bottom 50%    0.1    0.0    0.0    0.0    0.0    0.0    0.0    0.0    0.0

--- n per cell ---
yip             0      1      2      3      4      5      6      7      8
slab                                                                     
0.0-0.5%       18     17     17     17     16     16     16     15     14
0.5-1.0%       17     18     17     16     17     16     16     15     14
1.0-1.5%       18     17     17     17     16     16     16     14     14
1.5-2.0%       17     18     18     17     16     16     15     15     13
2-3%           36     34     34     33     33     32     32     30     28
3-4%           35     35     34     34     33     32     32     30     28
4-5%           35     35     35     33     33     32     31     29     27
5-10%         176    174    171    168    163    160    159    148    139
10-20%        353    348    344    334    328    321    317    297    276
20-50%       1057   1044   1029   1004    981    961    951    889    831
bottom 50%   1761   1741   1717   1673   1637   1602   1585   1483   1383

--- score floor per cell ---
yip              0       1       2       3       4       5       6       7       8
slab                                                                              
0.0-0.5%    +0.424  +0.450  +0.415  +0.307  +0.256  +0.084  +0.042  +0.024  +0.012
0.5-1.0%    +0.353  +0.379  +0.333  +0.237  +0.151  +0.044  +0.023  +0.010  +0.004
1.0-1.5%    +0.284  +0.336  +0.287  +0.190  +0.108  +0.033  +0.016  +0.007  +0.003
1.5-2.0%    +0.213  +0.277  +0.259  +0.164  +0.084  +0.023  +0.011  +0.005  +0.002
2-3%        +0.153  +0.216  +0.201  +0.107  +0.040  +0.016  +0.007  +0.003  +0.002
3-4%        +0.123  +0.128  +0.124  +0.071  +0.028  +0.012  +0.004  +0.002  +0.001
4-5%        +0.100  +0.105  +0.096  +0.048  +0.022  +0.008  +0.003  +0.002  +0.001
5-10%       +0.054  +0.045  +0.034  +0.017  +0.006  +0.002  +0.001  +0.001  +0.000
10-20%      +0.020  +0.011  +0.007  +0.003  +0.001  +0.001  +0.000  +0.000  +0.000
20-50%      +0.003  +0.001  +0.001  +0.000  +0.000  +0.000  +0.000  +0.000  +0.000
bottom 50%  +0.000  +0.000  +0.000  +0.000  +0.000  +0.000  +0.000  +0.000  +0.000

--- base rate by yip ---
  yip=0: 3.12%
  yip=1: 2.59%
  yip=2: 2.01%
  yip=3: 1.14%
  yip=4: 0.58%
  yip=5: 0.19%
  yip=6: 0.09%
  yip=7: 0.03%
  yip=8: 0.04%

saved results\v2.0b_partial_2026-06-18\ESTABLISHED_MLB_cum_above_threshold.csv

--- ESTABLISHED_MLB: rate above score floor (%) by yip × pctile cut [cut p = top (100-p)%] ---
yip             0      1      2      3      4      5      6      7      8
pctile_cut                                                               
5             3.3    2.7    2.1    1.2    0.6    0.2    0.1    0.0    0.0
10            3.5    2.9    2.2    1.3    0.6    0.2    0.1    0.0    0.0
15            3.7    3.0    2.4    1.3    0.7    0.2    0.1    0.0    0.0
20            3.9    3.2    2.5    1.4    0.7    0.2    0.1    0.0    0.0
25            4.1    3.4    2.7    1.5    0.8    0.2    0.1    0.0    0.0
30            4.4    3.7    2.9    1.6    0.8    0.3    0.1    0.0    0.1
35            4.8    4.0    3.1    1.7    0.9    0.3    0.1    0.1    0.1
40            5.2    4.3    3.3    1.9    1.0    0.3    0.2    0.1    0.1
45            5.6    4.7    3.7    2.1    1.1    0.3    0.2    0.1    0.1
50            6.1    5.2    4.0    2.3    1.2    0.4    0.2    0.1    0.1
55            6.8    5.7    4.5    2.5    1.3    0.4    0.2    0.1    0.1
60            7.7    6.4    5.0    2.8    1.5    0.5    0.2    0.1    0.1
65            8.7    7.2    5.7    3.2    1.7    0.5    0.3    0.1    0.1
70            9.9    8.3    6.7    3.8    1.9    0.6    0.3    0.1    0.1
75           11.5    9.9    7.9    4.5    2.3    0.7    0.4    0.1    0.1
80           14.3   12.1    9.9    5.7    2.9    0.9    0.5    0.2    0.2
85           17.0   15.5   13.0    7.6    3.9    1.2    0.6    0.2    0.2
90           22.4   20.3   18.3   11.3    5.8    1.9    0.9    0.3    0.4
95           27.1   27.4   27.3   20.2    9.8    3.7    1.3    0.7    0.7
96           29.1   29.3   32.6   23.9   11.5    4.7    1.6    0.8    0.9
97           31.1   35.2   35.0   25.7   15.2    6.2    2.1    1.1    1.2
98           36.6   41.4   39.1   26.9   18.2    9.2    3.1    1.7    1.8
99           33.3   42.9   48.6   38.2   30.3   12.1    6.2    3.3    3.6

--- ESTABLISHED_MLB: n above score floor by yip × pctile cut ---
yip             0      1      2      3      4      5      6      7      8
pctile_cut                                                               
5            3346   3307   3261   3178   3109   3043   3011   2816   2628
10           3170   3133   3089   3011   2945   2883   2853   2668   2490
15           2994   2959   2918   2844   2782   2723   2694   2520   2352
20           2818   2785   2746   2677   2618   2563   2536   2372   2213
25           2642   2611   2575   2509   2455   2403   2377   2224   2075
30           2466   2437   2403   2342   2291   2243   2219   2075   1937
35           2290   2263   2231   2175   2127   2082   2060   1927   1798
40           2114   2089   2060   2008   1964   1922   1902   1779   1660
45           1938   1915   1888   1840   1800   1762   1743   1631   1522
50           1762   1741   1717   1673   1637   1602   1585   1483   1384
55           1585   1567   1545   1506   1473   1442   1427   1334   1245
60           1409   1393   1373   1339   1309   1282   1268   1186   1107
65           1233   1219   1202   1171   1146   1122   1110   1038    969
70           1057   1045   1030   1004    982    961    951    890    830
75            881    871    859    837    819    801    793    742    692
80            705    697    687    670    655    641    634    593    554
85            529    523    515    502    491    481    476    445    415
90            353    349    344    335    328    321    317    297    277
95            177    175    172    168    164    161    159    149    139
96            141    140    138    134    131    129    127    119    111
97            106    105    103    101     99     97     96     89     83
98             71     70     69     67     66     65     64     60     56
99             36     35     35     34     33     33     32     30     28

--- ESTABLISHED_MLB: score floor by yip × pctile cut ---
yip              0       1       2       3       4       5       6       7       8
pctile_cut                                                                        
5           +0.000  +0.000  +0.000  +0.000  +0.000  +0.000  +0.000  +0.000  +0.000
10          +0.000  +0.000  +0.000  +0.000  +0.000  +0.000  +0.000  +0.000  +0.000
15          +0.000  +0.000  +0.000  +0.000  +0.000  +0.000  +0.000  +0.000  +0.000
20          +0.000  +0.000  +0.000  +0.000  +0.000  +0.000  +0.000  +0.000  +0.000
25          +0.001  +0.000  +0.000  +0.000  +0.000  +0.000  +0.000  +0.000  +0.000
30          +0.001  +0.000  +0.000  +0.000  +0.000  +0.000  +0.000  +0.000  +0.000
35          +0.001  +0.000  +0.000  +0.000  +0.000  +0.000  +0.000  +0.000  +0.000
40          +0.002  +0.001  +0.000  +0.000  +0.000  +0.000  +0.000  +0.000  +0.000
45          +0.002  +0.001  +0.001  +0.000  +0.000  +0.000  +0.000  +0.000  +0.000
50          +0.003  +0.001  +0.001  +0.000  +0.000  +0.000  +0.000  +0.000  +0.000
55          +0.004  +0.002  +0.001  +0.000  +0.000  +0.000  +0.000  +0.000  +0.000
60          +0.005  +0.002  +0.001  +0.000  +0.000  +0.000  +0.000  +0.000  +0.000
65          +0.007  +0.003  +0.002  +0.001  +0.000  +0.000  +0.000  +0.000  +0.000
70          +0.009  +0.005  +0.002  +0.001  +0.000  +0.000  +0.000  +0.000  +0.000
75          +0.014  +0.007  +0.004  +0.001  +0.001  +0.000  +0.000  +0.000  +0.000
80          +0.020  +0.011  +0.007  +0.003  +0.001  +0.001  +0.000  +0.000  +0.000
85          +0.031  +0.021  +0.015  +0.005  +0.002  +0.001  +0.001  +0.000  +0.000
90          +0.053  +0.045  +0.034  +0.017  +0.005  +0.002  +0.001  +0.001  +0.000
95          +0.100  +0.105  +0.095  +0.048  +0.022  +0.008  +0.003  +0.002  +0.001
96          +0.121  +0.123  +0.121  +0.069  +0.028  +0.012  +0.004  +0.002  +0.001
97          +0.152  +0.215  +0.193  +0.104  +0.039  +0.016  +0.007  +0.003  +0.002
98          +0.212  +0.276  +0.259  +0.158  +0.079  +0.023  +0.011  +0.005  +0.002
99          +0.350  +0.376  +0.328  +0.231  +0.149  +0.043  +0.023  +0.010  +0.004

saved results\v2.0b_partial_2026-06-18\ESTABLISHED_MLB_walkforward.csv

--- ESTABLISHED_MLB: walk-forward by snap_offset ---
offset     n  pos  base%  pred%  AU-PR AU-PR_lift  lift@2    ECE
     0  3523  110   3.12   2.14  0.268       8.58   11.44  0.012
     1  3481   90   2.59   2.06  0.319      12.34   16.02  0.007
     2  3433   69   2.01   1.76  0.354      17.60   19.47  0.003
     3  3346   38   1.14   1.04  0.354      31.14   23.66  0.002
     4  3273   19   0.58   0.59  0.441      75.91   31.80  0.002
     5  3204    6   0.19   0.23  0.178      95.03   50.06  0.002
     6  3170    3   0.09   0.12  0.200     211.02   33.54  0.000
     7  2965    1   0.03   0.07  0.333     988.33   50.25  0.000
     8  2767    1   0.04   0.04  0.091     251.55   50.31  0.000
     9  2593    0   0.00    nan    nan        nan     nan    nan
    10  2409    0   0.00    nan    nan        nan     nan    nan

saved results\v2.0b_partial_2026-06-18\ESTABLISHED_MLB_top_lookback.csv  (582 top-2% rows)

look-back per yip × slab (top 0-2%):
 snap_offset     slab  n  realized     rate
           0 0.0-0.5% 17         4 0.235294
           0 0.5-1.0% 18         7 0.388889
           0 1.0-1.5% 17         7 0.411765
           0 1.5-2.0% 18         7 0.388889
           1           1         1 1.000000
           1 0.0-0.5% 17         8 0.470588
           1 0.5-1.0% 17         7 0.411765
           1 1.0-1.5% 18         5 0.277778
           1 1.5-2.0% 17         8 0.470588
           2           1         0 0.000000
           2 0.0-0.5% 17         8 0.470588
           2 0.5-1.0% 17         9 0.529412
           2 1.0-1.5% 17         4 0.235294
           2 1.5-2.0% 17         6 0.352941
           3           1         0 0.000000
           3 0.0-0.5% 16         7 0.437500
           3 0.5-1.0% 17         6 0.352941
           3 1.0-1.5% 17         3 0.176471
           3 1.5-2.0% 16         2 0.125000
           4 0.0-0.5% 16         9 0.562500
           4 0.5-1.0% 16         1 0.062500
           4 1.0-1.5% 17         1 0.058824
           4 1.5-2.0% 16         1 0.062500
           5 0.0-0.5% 16         3 0.187500
           5 0.5-1.0% 16         1 0.062500
           5 1.0-1.5% 16         1 0.062500
           5 1.5-2.0% 16         1 0.062500
           6 0.0-0.5% 15         1 0.066667
           6 0.5-1.0% 16         1 0.062500
           6 1.0-1.5% 16         0 0.000000
           6 1.5-2.0% 16         0 0.000000
           7 0.0-0.5% 14         1 0.071429
           7 0.5-1.0% 15         0 0.000000
           7 1.0-1.5% 15         0 0.000000
           7 1.5-2.0% 15         0 0.000000
           8 0.0-0.5% 13         1 0.076923
           8 0.5-1.0% 14         0 0.000000
           8 1.0-1.5% 14         0 0.000000
           8 1.5-2.0% 14         0 0.000000

==============================================================================
EVENT: STAR_PLUS_ELITE
==============================================================================
  ranking by lasso_score_STAR_PLUS_ELITE (range [+0.00, +0.35])
saved results\v2.0b_partial_2026-06-18\STAR_PLUS_ELITE_pct_slabs.csv

--- realized STAR_PLUS_ELITE rate (%) by yip × slab ---
yip             0      1      2      3      4      5      6      7      8
slab                                                                     
0.0-0.5%     16.7   29.4   29.4   29.4    6.2    0.0    0.0    0.0    0.0
0.5-1.0%     17.6   33.3    5.9    6.2    5.9    0.0    0.0    0.0    7.1
1.0-1.5%     22.2   17.6   17.6    5.9    0.0    0.0    6.2    0.0    0.0
1.5-2.0%     17.6   11.1   16.7   11.8    0.0    6.2    0.0    6.7    0.0
2-3%         13.9    8.8   11.8    0.0    0.0    0.0    0.0    0.0    0.0
3-4%          2.9   14.3    2.9    0.0    3.0    0.0    0.0    0.0    0.0
4-5%          2.9    0.0    2.9    0.0    0.0    0.0    0.0    0.0    0.0
5-10%         4.0    1.7    0.6    0.0    0.6    0.0    0.0    0.0    0.0
10-20%        1.7    0.3    0.0    0.6    0.0    0.0    0.0    0.0    0.0
20-50%        0.3    0.2    0.1    0.0    0.0    0.0    0.0    0.0    0.0
bottom 50%    0.0    0.0    0.1    0.0    0.0    0.0    0.0    0.0    0.0

--- n per cell ---
yip             0      1      2      3      4      5      6      7      8
slab                                                                     
0.0-0.5%       18     17     17     17     16     16     16     15     14
0.5-1.0%       17     18     17     16     17     16     16     15     14
1.0-1.5%       18     17     17     17     16     16     16     14     14
1.5-2.0%       17     18     18     17     16     16     15     15     13
2-3%           36     34     34     33     33     32     32     30     28
3-4%           35     35     34     34     33     32     32     30     28
4-5%           35     35     35     33     33     32     31     29     27
5-10%         176    174    171    168    163    160    159    148    139
10-20%        353    348    344    334    328    321    317    297    276
20-50%       1057   1044   1029   1004    981    961    951    889    831
bottom 50%   1761   1741   1717   1673   1637   1602   1585   1483   1383

--- score floor per cell ---
yip              0       1       2       3       4       5       6       7       8
slab                                                                              
0.0-0.5%    +0.178  +0.126  +0.082  +0.056  +0.039  +0.008  +0.004  +0.002  +0.001
0.5-1.0%    +0.119  +0.091  +0.063  +0.040  +0.019  +0.003  +0.002  +0.001  +0.001
1.0-1.5%    +0.080  +0.072  +0.054  +0.032  +0.012  +0.003  +0.001  +0.001  +0.000
1.5-2.0%    +0.064  +0.055  +0.046  +0.020  +0.008  +0.002  +0.001  +0.001  +0.000
2-3%        +0.046  +0.042  +0.031  +0.013  +0.004  +0.001  +0.001  +0.000  +0.000
3-4%        +0.035  +0.030  +0.022  +0.009  +0.003  +0.001  +0.001  +0.000  +0.000
4-5%        +0.026  +0.018  +0.013  +0.006  +0.002  +0.001  +0.000  +0.000  +0.000
5-10%       +0.008  +0.007  +0.004  +0.002  +0.001  +0.000  +0.000  +0.000  +0.000
10-20%      +0.003  +0.002  +0.001  +0.000  +0.000  +0.000  +0.000  +0.000  +0.000
20-50%      +0.001  +0.000  +0.000  +0.000  +0.000  +0.000  +0.000  +0.000  +0.000
bottom 50%  +0.000  +0.000  +0.000  +0.000  +0.000  +0.000  +0.000  +0.000  +0.000

--- base rate by yip ---
  yip=0: 1.02%
  yip=1: 0.86%
  yip=2: 0.61%
  yip=3: 0.33%
  yip=4: 0.12%
  yip=5: 0.03%
  yip=6: 0.03%
  yip=7: 0.03%
  yip=8: 0.04%

saved results\v2.0b_partial_2026-06-18\STAR_PLUS_ELITE_cum_above_threshold.csv

--- STAR_PLUS_ELITE: rate above score floor (%) by yip × pctile cut [cut p = top (100-p)%] ---
yip             0      1      2      3      4      5      6      7      8
pctile_cut                                                               
5             1.1    0.9    0.6    0.3    0.1    0.0    0.0    0.0    0.0
10            1.1    1.0    0.7    0.4    0.1    0.0    0.0    0.0    0.0
15            1.2    1.0    0.7    0.4    0.1    0.0    0.0    0.0    0.0
20            1.3    1.1    0.8    0.4    0.2    0.0    0.0    0.0    0.0
25            1.4    1.1    0.8    0.4    0.2    0.0    0.0    0.0    0.0
30            1.5    1.2    0.9    0.5    0.2    0.0    0.0    0.0    0.1
35            1.6    1.3    0.9    0.5    0.2    0.0    0.0    0.1    0.1
40            1.7    1.4    1.0    0.5    0.2    0.1    0.1    0.1    0.1
45            1.9    1.6    1.1    0.6    0.2    0.1    0.1    0.1    0.1
50            2.0    1.7    1.2    0.7    0.2    0.1    0.1    0.1    0.1
55            2.2    1.9    1.3    0.7    0.3    0.1    0.1    0.1    0.1
60            2.5    2.2    1.5    0.8    0.3    0.1    0.1    0.1    0.1
65            2.8    2.5    1.7    0.9    0.3    0.1    0.1    0.1    0.1
70            3.1    2.8    1.9    1.1    0.4    0.1    0.1    0.1    0.1
75            3.7    3.2    2.3    1.3    0.5    0.1    0.1    0.1    0.1
80            4.7    4.0    2.8    1.6    0.6    0.2    0.2    0.2    0.2
85            6.0    5.4    3.7    2.0    0.8    0.2    0.2    0.2    0.2
90            7.6    7.7    5.5    2.7    1.2    0.3    0.3    0.3    0.4
95           11.3   13.7   10.5    5.4    1.8    0.6    0.6    0.7    0.7
96           13.5   17.1   12.3    6.7    2.3    0.8    0.8    0.8    0.9
97           17.0   18.1   15.5    8.9    2.0    1.0    1.0    1.1    1.2
98           19.7   22.9   17.4   13.4    3.0    1.5    1.6    1.7    1.8
99           16.7   31.4   20.0   17.6    6.1    0.0    0.0    0.0    3.6

--- STAR_PLUS_ELITE: n above score floor by yip × pctile cut ---
yip             0      1      2      3      4      5      6      7      8
pctile_cut                                                               
5            3346   3307   3261   3178   3109   3043   3011   2816   2628
10           3170   3133   3089   3011   2945   2883   2853   2668   2490
15           2994   2959   2918   2844   2782   2723   2694   2520   2352
20           2818   2785   2746   2677   2618   2563   2536   2372   2213
25           2642   2611   2575   2509   2455   2403   2377   2224   2075
30           2466   2437   2403   2342   2291   2243   2219   2075   1937
35           2290   2263   2231   2175   2127   2082   2060   1927   1798
40           2114   2089   2060   2008   1964   1922   1902   1779   1660
45           1938   1915   1888   1840   1800   1762   1743   1631   1522
50           1762   1741   1717   1673   1637   1602   1585   1483   1384
55           1585   1567   1545   1506   1473   1442   1427   1334   1245
60           1409   1393   1373   1339   1309   1282   1268   1186   1107
65           1233   1219   1202   1171   1146   1122   1110   1038    969
70           1057   1045   1030   1004    982    961    951    890    830
75            881    871    859    837    819    801    793    742    692
80            705    697    687    670    655    641    634    593    554
85            529    523    515    502    491    481    476    445    415
90            353    349    344    335    328    321    317    297    277
95            177    175    172    168    164    161    159    149    139
96            141    140    138    134    131    129    127    119    111
97            106    105    103    101     99     97     96     89     83
98             71     70     69     67     66     65     64     60     56
99             36     35     35     34     33     33     32     30     28

--- STAR_PLUS_ELITE: score floor by yip × pctile cut ---
yip              0       1       2       3       4       5       6       7       8
pctile_cut                                                                        
5           +0.000  +0.000  +0.000  +0.000  +0.000  +0.000  +0.000  +0.000  +0.000
10          +0.000  +0.000  +0.000  +0.000  +0.000  +0.000  +0.000  +0.000  +0.000
15          +0.000  +0.000  +0.000  +0.000  +0.000  +0.000  +0.000  +0.000  +0.000
20          +0.000  +0.000  +0.000  +0.000  +0.000  +0.000  +0.000  +0.000  +0.000
25          +0.000  +0.000  +0.000  +0.000  +0.000  +0.000  +0.000  +0.000  +0.000
30          +0.000  +0.000  +0.000  +0.000  +0.000  +0.000  +0.000  +0.000  +0.000
35          +0.000  +0.000  +0.000  +0.000  +0.000  +0.000  +0.000  +0.000  +0.000
40          +0.000  +0.000  +0.000  +0.000  +0.000  +0.000  +0.000  +0.000  +0.000
45          +0.000  +0.000  +0.000  +0.000  +0.000  +0.000  +0.000  +0.000  +0.000
50          +0.001  +0.000  +0.000  +0.000  +0.000  +0.000  +0.000  +0.000  +0.000
55          +0.001  +0.000  +0.000  +0.000  +0.000  +0.000  +0.000  +0.000  +0.000
60          +0.001  +0.000  +0.000  +0.000  +0.000  +0.000  +0.000  +0.000  +0.000
65          +0.001  +0.001  +0.000  +0.000  +0.000  +0.000  +0.000  +0.000  +0.000
70          +0.001  +0.001  +0.000  +0.000  +0.000  +0.000  +0.000  +0.000  +0.000
75          +0.002  +0.001  +0.001  +0.000  +0.000  +0.000  +0.000  +0.000  +0.000
80          +0.003  +0.002  +0.001  +0.000  +0.000  +0.000  +0.000  +0.000  +0.000
85          +0.005  +0.003  +0.002  +0.001  +0.000  +0.000  +0.000  +0.000  +0.000
90          +0.008  +0.007  +0.004  +0.002  +0.001  +0.000  +0.000  +0.000  +0.000
95          +0.026  +0.018  +0.013  +0.006  +0.002  +0.001  +0.000  +0.000  +0.000
96          +0.035  +0.030  +0.021  +0.009  +0.003  +0.001  +0.001  +0.000  +0.000
97          +0.045  +0.041  +0.031  +0.013  +0.004  +0.001  +0.001  +0.000  +0.000
98          +0.063  +0.055  +0.045  +0.020  +0.008  +0.002  +0.001  +0.001  +0.000
99          +0.118  +0.090  +0.062  +0.039  +0.018  +0.003  +0.002  +0.001  +0.001

saved results\v2.0b_partial_2026-06-18\STAR_PLUS_ELITE_walkforward.csv

--- STAR_PLUS_ELITE: walk-forward by snap_offset ---
offset     n  pos  base%  pred%  AU-PR AU-PR_lift  lift@2    ECE
     0  3523   36   1.02   0.57  0.144      14.12   18.17  0.006
     1  3481   30   0.86   0.44  0.279      32.37   26.52  0.004
     2  3433   21   0.61   0.32  0.198      32.29   28.43  0.003
     3  3346   11   0.33   0.17  0.368     111.95   40.86  0.002
     4  3273    4   0.12   0.08  0.058      47.14   25.18  0.000
     5  3204    1   0.03   0.03  0.017      53.40   50.06  0.000
     6  3170    1   0.03   0.02  0.027      85.68   50.32  0.000
     7  2965    1   0.03   0.01  0.020      59.30   50.25  0.000
     8  2767    1   0.04   0.01  0.059     162.76   50.31  0.000
     9  2593    0   0.00    nan    nan        nan     nan    nan
    10  2409    0   0.00    nan    nan        nan     nan    nan

saved results\v2.0b_partial_2026-06-18\STAR_PLUS_ELITE_top_lookback.csv  (582 top-2% rows)

look-back per yip × slab (top 0-2%):
 snap_offset     slab  n  realized     rate
           0 0.0-0.5% 17         3 0.176471
           0 0.5-1.0% 18         3 0.166667
           0 1.0-1.5% 17         3 0.176471
           0 1.5-2.0% 18         4 0.222222
           1           1         0 0.000000
           1 0.0-0.5% 17         5 0.294118
           1 0.5-1.0% 17         5 0.294118
           1 1.0-1.5% 18         4 0.222222
           1 1.5-2.0% 17         2 0.117647
           2           1         0 0.000000
           2 0.0-0.5% 17         5 0.294118
           2 0.5-1.0% 17         1 0.058824
           2 1.0-1.5% 17         3 0.176471
           2 1.5-2.0% 17         3 0.176471
           3           1         0 0.000000
           3 0.0-0.5% 16         5 0.312500
           3 0.5-1.0% 17         1 0.058824
           3 1.0-1.5% 17         1 0.058824
           3 1.5-2.0% 16         2 0.125000
           4 0.0-0.5% 16         1 0.062500
           4 0.5-1.0% 16         1 0.062500
           4 1.0-1.5% 17         0 0.000000
           4 1.5-2.0% 16         0 0.000000
           5 0.0-0.5% 16         0 0.000000
           5 0.5-1.0% 16         0 0.000000
           5 1.0-1.5% 16         0 0.000000
           5 1.5-2.0% 16         1 0.062500
           6 0.0-0.5% 15         0 0.000000
           6 0.5-1.0% 16         0 0.000000
           6 1.0-1.5% 16         1 0.062500
           6 1.5-2.0% 16         0 0.000000
           7 0.0-0.5% 14         0 0.000000
           7 0.5-1.0% 15         0 0.000000
           7 1.0-1.5% 15         0 0.000000
           7 1.5-2.0% 15         1 0.066667
           8 0.0-0.5% 13         0 0.000000
           8 0.5-1.0% 14         1 0.071429
           8 1.0-1.5% 14         0 0.000000
           8 1.5-2.0% 14         0 0.000000
